7.241666666666666252e-01 7.308333333333333348e-01 8.250000000000000389e-02
4.475000000000000089e-01 4.608333333333333171e-01 1.658333333333333326e-01
1.708333333333333370e-01 1.908333333333333270e-01 2.491666666666666752e-01
8.958333333333333703e-01 9.224999999999999867e-01 3.325000000000000178e-01
6.191666666666666430e-01 6.524999999999999689e-01 4.158333333333333326e-01
3.425000000000000266e-01 3.825000000000000067e-01 4.991666666666666474e-01
6.583333333333332704e-02 1.125000000000000028e-01 5.825000000000000178e-01
7.908333333333333881e-01 8.441666666666666208e-01 6.658333333333333881e-01
5.141666666666666607e-01 5.741666666666667140e-01 7.491666666666666474e-01
2.374999999999999889e-01 3.041666666666666408e-01 8.325000000000000178e-01
9.625000000000000222e-01 3.416666666666666463e-02 9.158333333333333881e-01
6.858333333333332948e-01 7.658333333333333659e-01 9.991666666666666474e-01
4.091666666666666785e-01 4.958333333333333481e-01 8.083333333333332649e-02
1.325000000000000067e-01 2.258333333333333304e-01 1.641666666666666552e-01
8.575000000000000400e-01 9.575000000000000178e-01 2.474999999999999978e-01
5.808333333333333126e-01 6.875000000000000000e-01 3.308333333333333126e-01
3.041666666666666408e-01 4.174999999999999822e-01 4.141666666666666829e-01
2.750000000000000014e-02 1.474999999999999922e-01 4.974999999999999978e-01
7.524999999999999467e-01 8.791666666666666519e-01 5.808333333333333126e-01
4.758333333333333304e-01 6.091666666666666341e-01 6.641666666666666829e-01
1.991666666666666585e-01 3.391666666666666718e-01 7.475000000000000533e-01
9.241666666666666918e-01 6.916666666666666796e-02 8.308333333333333126e-01
6.474999999999999645e-01 8.008333333333332860e-01 9.141666666666666829e-01
3.708333333333333481e-01 5.308333333333333792e-01 9.975000000000000533e-01
9.416666666666666241e-02 2.608333333333333059e-01 7.916666666666666297e-02
8.191666666666667096e-01 9.925000000000000488e-01 1.625000000000000056e-01
5.424999999999999822e-01 7.225000000000000311e-01 2.458333333333333204e-01
2.658333333333333104e-01 4.525000000000000133e-01 3.291666666666666630e-01
9.908333333333333437e-01 1.824999999999999956e-01 4.124999999999999778e-01
7.141666666666666163e-01 9.141666666666666829e-01 4.958333333333333481e-01
4.375000000000000000e-01 6.441666666666666652e-01 5.791666666666667185e-01
1.608333333333333282e-01 3.741666666666666474e-01 6.624999999999999778e-01
8.858333333333333615e-01 1.041666666666666713e-01 7.458333333333333481e-01
6.091666666666666341e-01 8.358333333333333171e-01 8.291666666666667185e-01
3.325000000000000178e-01 5.658333333333332993e-01 9.124999999999999778e-01
5.583333333333333204e-02 2.958333333333333370e-01 9.958333333333333481e-01
7.808333333333333792e-01 2.583333333333333315e-02 7.749999999999999944e-02
5.041666666666666519e-01 7.574999999999999512e-01 1.608333333333333282e-01
2.275000000000000078e-01 4.874999999999999889e-01 2.441666666666666707e-01
9.525000000000000133e-01 2.174999999999999989e-01 3.275000000000000133e-01
6.758333333333332860e-01 9.491666666666667140e-01 4.108333333333333282e-01
3.991666666666666696e-01 6.791666666666666963e-01 4.941666666666666430e-01
1.224999999999999978e-01 4.091666666666666785e-01 5.775000000000000133e-01
8.475000000000000311e-01 1.391666666666666607e-01 6.608333333333333837e-01
5.708333333333333037e-01 8.708333333333333481e-01 7.441666666666666430e-01
2.941666666666666874e-01 6.008333333333333304e-01 8.275000000000000133e-01
1.750000000000000167e-02 3.308333333333333126e-01 9.108333333333333837e-01
7.425000000000000488e-01 6.083333333333333648e-02 9.941666666666666430e-01
4.658333333333333215e-01 7.924999999999999822e-01 7.583333333333333592e-02
1.891666666666666774e-01 5.224999999999999645e-01 1.591666666666666785e-01
9.141666666666666829e-01 2.525000000000000022e-01 2.424999999999999933e-01
6.374999999999999556e-01 9.841666666666666341e-01 3.258333333333333082e-01
3.608333333333333393e-01 7.141666666666666163e-01 4.091666666666666785e-01
8.416666666666666741e-02 4.441666666666666541e-01 4.924999999999999933e-01
8.091666666666667007e-01 1.741666666666666641e-01 5.758333333333333082e-01
5.324999999999999734e-01 9.058333333333333792e-01 6.591666666666666785e-01
2.558333333333333570e-01 6.358333333333333615e-01 7.425000000000000488e-01
9.808333333333333348e-01 3.658333333333333437e-01 8.258333333333333082e-01
7.041666666666667185e-01 9.583333333333333981e-02 9.091666666666666785e-01
4.274999999999999911e-01 8.275000000000000133e-01 9.925000000000000488e-01
1.508333333333333470e-01 5.574999999999999956e-01 7.416666666666667240e-02
8.758333333333333526e-01 2.874999999999999778e-01 1.575000000000000011e-01
5.991666666666666252e-01 1.750000000000000167e-02 2.408333333333333437e-01
3.225000000000000089e-01 7.491666666666666474e-01 3.241666666666666585e-01
4.583333333333333010e-02 4.791666666666666852e-01 4.074999999999999734e-01
7.708333333333333703e-01 2.091666666666666674e-01 4.908333333333333437e-01
4.941666666666666430e-01 9.408333333333332993e-01 5.741666666666667140e-01
2.174999999999999989e-01 6.708333333333332815e-01 6.574999999999999734e-01
9.425000000000000044e-01 4.008333333333333193e-01 7.408333333333333437e-01
6.658333333333333881e-01 1.308333333333333293e-01 8.241666666666667140e-01
3.891666666666666607e-01 8.625000000000000444e-01 9.074999999999999734e-01
1.125000000000000028e-01 5.925000000000000266e-01 9.908333333333333437e-01
8.375000000000000222e-01 3.225000000000000089e-01 7.249999999999999500e-02
5.608333333333332948e-01 5.249999999999999806e-02 1.558333333333333237e-01
2.841666666666666785e-01 7.841666666666666785e-01 2.391666666666666663e-01
7.499999999999999722e-03 5.141666666666666607e-01 3.225000000000000089e-01
7.325000000000000400e-01 2.441666666666666707e-01 4.058333333333333237e-01
4.558333333333333126e-01 9.758333333333333304e-01 4.891666666666666941e-01
1.791666666666666685e-01 7.058333333333333126e-01 5.725000000000000089e-01
9.041666666666666741e-01 4.358333333333333504e-01 6.558333333333333792e-01
6.274999999999999467e-01 1.658333333333333326e-01 7.391666666666666385e-01
3.508333333333333304e-01 8.974999999999999645e-01 8.225000000000000089e-01
7.416666666666667240e-02 6.274999999999999467e-01 9.058333333333333792e-01
7.991666666666666918e-01 3.574999999999999845e-01 9.891666666666666385e-01
5.224999999999999645e-01 8.749999999999999445e-02 7.083333333333333148e-02
2.458333333333333204e-01 8.191666666666667096e-01 1.541666666666666741e-01
9.708333333333333259e-01 5.491666666666666918e-01 2.374999999999999889e-01
6.941666666666667096e-01 2.791666666666666741e-01 3.208333333333333592e-01
4.174999999999999822e-01 9.166666666666666713e-03 4.041666666666666741e-01
1.408333333333333381e-01 7.408333333333333437e-01 4.874999999999999889e-01
8.658333333333333437e-01 4.708333333333333259e-01 5.708333333333333037e-01
5.891666666666666163e-01 2.008333333333333359e-01 6.541666666666666741e-01
3.125000000000000000e-01 9.324999999999999956e-01 7.375000000000000444e-01
3.583333333333333509e-02 6.624999999999999778e-01 8.208333333333333037e-01
7.608333333333333615e-01 3.925000000000000155e-01 9.041666666666666741e-01
4.841666666666666896e-01 1.224999999999999978e-01 9.875000000000000444e-01
2.074999999999999900e-01 8.541666666666666297e-01 6.916666666666666796e-02
9.324999999999999956e-01 5.841666666666666119e-01 1.524999999999999967e-01
6.558333333333333792e-01 3.141666666666666496e-01 2.358333333333333393e-01
3.791666666666666519e-01 4.416666666666666657e-02 3.191666666666666541e-01
1.024999999999999939e-01 7.758333333333333748e-01 4.025000000000000244e-01
8.275000000000000133e-01 5.058333333333333570e-01 4.858333333333333393e-01
5.508333333333332860e-01 2.358333333333333393e-01 5.691666666666667096e-01
2.741666666666666696e-01 9.675000000000000266e-01 6.524999999999999689e-01
9.991666666666666474e-01 6.975000000000000089e-01 7.358333333333333393e-01
7.225000000000000311e-01 4.274999999999999911e-01 8.191666666666667096e-01
4.458333333333333592e-01 1.575000000000000011e-01 9.024999999999999689e-01
1.691666666666666596e-01 8.891666666666666607e-01 9.858333333333333393e-01
8.941666666666666652e-01 6.191666666666666430e-01 6.750000000000000444e-02
6.175000000000000488e-01 3.491666666666666807e-01 1.508333333333333470e-01
3.408333333333333215e-01 7.916666666666666297e-02 2.341666666666666619e-01
6.416666666666666352e-02 8.108333333333332948e-01 3.175000000000000044e-01
7.891666666666666829e-01 5.408333333333333881e-01 4.008333333333333193e-01
5.124999999999999556e-01 2.708333333333333148e-01 4.841666666666666896e-01
2.358333333333333393e-01 8.333333333333333868e-04 5.675000000000000044e-01
9.608333333333333171e-01 7.325000000000000400e-01 6.508333333333333748e-01
6.841666666666667007e-01 4.625000000000000222e-01 7.341666666666666341e-01
4.074999999999999734e-01 1.925000000000000044e-01 8.175000000000000044e-01
1.308333333333333293e-01 9.241666666666666918e-01 9.008333333333333748e-01
8.558333333333333348e-01 6.541666666666666741e-01 9.841666666666666341e-01
5.791666666666667185e-01 3.841666666666666563e-01 6.583333333333332704e-02
3.024999999999999911e-01 1.141666666666666663e-01 1.491666666666666696e-01
2.583333333333333315e-02 8.458333333333333259e-01 2.325000000000000122e-01
7.508333333333333526e-01 5.758333333333333082e-01 3.158333333333333548e-01
4.741666666666666807e-01 3.058333333333333459e-01 3.991666666666666696e-01
1.975000000000000089e-01 3.583333333333333509e-02 4.824999999999999845e-01
9.224999999999999867e-01 7.674999999999999600e-01 5.658333333333332993e-01
6.458333333333333703e-01 4.974999999999999978e-01 6.491666666666666696e-01
3.691666666666666430e-01 2.275000000000000078e-01 7.325000000000000400e-01
9.249999999999999889e-02 9.591666666666666119e-01 8.158333333333332993e-01
8.175000000000000044e-01 6.891666666666667052e-01 8.991666666666666696e-01
5.408333333333333881e-01 4.191666666666666874e-01 9.825000000000000400e-01
2.641666666666666607e-01 1.491666666666666696e-01 6.416666666666666352e-02
9.891666666666666385e-01 8.808333333333333570e-01 1.474999999999999922e-01
7.125000000000000222e-01 6.108333333333333393e-01 2.308333333333333348e-01
4.358333333333333504e-01 3.408333333333333215e-01 3.141666666666666496e-01
1.591666666666666785e-01 7.083333333333333148e-02 3.975000000000000200e-01
8.841666666666666563e-01 8.024999999999999911e-01 4.808333333333333348e-01
6.075000000000000400e-01 5.324999999999999734e-01 5.641666666666667052e-01
3.308333333333333126e-01 2.625000000000000111e-01 6.474999999999999645e-01
5.416666666666666852e-02 9.941666666666666430e-01 7.308333333333333348e-01
7.791666666666666741e-01 7.241666666666666252e-01 8.141666666666667052e-01
5.024999999999999467e-01 4.541666666666666630e-01 8.974999999999999645e-01
2.258333333333333304e-01 1.841666666666666730e-01 9.808333333333333348e-01
9.508333333333333082e-01 9.158333333333333881e-01 6.250000000000000000e-02
6.741666666666666918e-01 6.458333333333333703e-01 1.458333333333333426e-01
3.975000000000000200e-01 3.758333333333333526e-01 2.291666666666666574e-01
1.208333333333333343e-01 1.058333333333333348e-01 3.125000000000000000e-01
8.458333333333333259e-01 8.375000000000000222e-01 3.958333333333333148e-01
5.691666666666667096e-01 5.675000000000000044e-01 4.791666666666666852e-01
2.924999999999999822e-01 2.974999999999999867e-01 5.625000000000000000e-01
1.583333333333333467e-02 2.750000000000000014e-02 6.458333333333333703e-01
7.408333333333333437e-01 7.591666666666666563e-01 7.291666666666666297e-01
4.641666666666666718e-01 4.891666666666666941e-01 8.125000000000000000e-01
1.875000000000000000e-01 2.191666666666666763e-01 8.958333333333333703e-01
9.124999999999999778e-01 9.508333333333333082e-01 9.791666666666666297e-01
6.358333333333333615e-01 6.808333333333332904e-01 6.083333333333333648e-02
3.591666666666666896e-01 4.108333333333333282e-01 1.441666666666666652e-01
8.250000000000000389e-02 1.408333333333333381e-01 2.275000000000000078e-01
8.074999999999999956e-01 8.725000000000000533e-01 3.108333333333333504e-01
5.308333333333333792e-01 6.025000000000000355e-01 3.941666666666666652e-01
2.541666666666666519e-01 3.325000000000000178e-01 4.774999999999999800e-01
9.791666666666666297e-01 6.250000000000000000e-02 5.608333333333332948e-01
7.025000000000000133e-01 7.941666666666666874e-01 6.441666666666666652e-01
4.258333333333333415e-01 5.241666666666666696e-01 7.275000000000000355e-01
1.491666666666666696e-01 2.541666666666666519e-01 8.108333333333332948e-01
8.741666666666666474e-01 9.858333333333333393e-01 8.941666666666666652e-01
5.975000000000000311e-01 7.158333333333333215e-01 9.775000000000000355e-01
3.208333333333333592e-01 4.458333333333333592e-01 5.916666666666666602e-02
4.416666666666666657e-02 1.758333333333333415e-01 1.424999999999999878e-01
7.691666666666666652e-01 9.074999999999999734e-01 2.258333333333333304e-01
4.924999999999999933e-01 6.374999999999999556e-01 3.091666666666666452e-01
2.158333333333333215e-01 3.674999999999999933e-01 3.925000000000000155e-01
9.408333333333332993e-01 9.750000000000000333e-02 4.758333333333333304e-01
6.641666666666666829e-01 8.291666666666667185e-01 5.591666666666667007e-01
3.875000000000000111e-01 5.591666666666667007e-01 6.424999999999999600e-01
1.108333333333333393e-01 2.891666666666666829e-01 7.258333333333333304e-01
8.358333333333333171e-01 1.916666666666666519e-02 8.091666666666667007e-01
5.591666666666667007e-01 7.508333333333333526e-01 8.924999999999999600e-01
2.824999999999999734e-01 4.808333333333333348e-01 9.758333333333333304e-01
5.833333333333333599e-03 2.108333333333333448e-01 5.750000000000000250e-02
7.308333333333333348e-01 9.425000000000000044e-01 1.408333333333333381e-01
4.541666666666666630e-01 6.724999999999999867e-01 2.241666666666666530e-01
1.774999999999999911e-01 4.025000000000000244e-01 3.074999999999999956e-01
9.024999999999999689e-01 1.325000000000000067e-01 3.908333333333333104e-01
6.258333333333333526e-01 8.641666666666666385e-01 4.741666666666666807e-01
3.491666666666666807e-01 5.941666666666666208e-01 5.574999999999999956e-01
7.249999999999999500e-02 3.241666666666666585e-01 6.408333333333333659e-01
7.974999999999999867e-01 5.416666666666666852e-02 7.241666666666666252e-01
5.208333333333333703e-01 7.858333333333333837e-01 8.074999999999999956e-01
2.441666666666666707e-01 5.158333333333333659e-01 8.908333333333333659e-01
9.691666666666666208e-01 2.458333333333333204e-01 9.741666666666666252e-01
6.925000000000000044e-01 9.775000000000000355e-01 5.583333333333333204e-02
4.158333333333333326e-01 7.075000000000000178e-01 1.391666666666666607e-01
1.391666666666666607e-01 4.375000000000000000e-01 2.225000000000000033e-01
8.641666666666666385e-01 1.675000000000000100e-01 3.058333333333333459e-01
5.875000000000000222e-01 8.991666666666666696e-01 3.891666666666666607e-01
3.108333333333333504e-01 6.291666666666666519e-01 4.724999999999999756e-01
3.416666666666666463e-02 3.591666666666666896e-01 5.558333333333332904e-01
7.591666666666666563e-01 8.916666666666667185e-02 6.391666666666666607e-01
4.824999999999999845e-01 8.208333333333333037e-01 7.225000000000000311e-01
2.058333333333333404e-01 5.508333333333332860e-01 8.058333333333332904e-01
9.308333333333332904e-01 2.808333333333333237e-01 8.891666666666666607e-01
6.541666666666666741e-01 1.083333333333333370e-02 9.725000000000000311e-01
3.775000000000000022e-01 7.425000000000000488e-01 5.416666666666666852e-02
1.008333333333333304e-01 4.724999999999999756e-01 1.375000000000000111e-01
8.258333333333333082e-01 2.025000000000000133e-01 2.208333333333333259e-01
5.491666666666666918e-01 9.341666666666667007e-01 3.041666666666666408e-01
2.725000000000000200e-01 6.641666666666666829e-01 3.875000000000000111e-01
9.975000000000000533e-01 3.941666666666666652e-01 4.708333333333333259e-01
7.208333333333333259e-01 1.241666666666666613e-01 5.541666666666666963e-01
4.441666666666666541e-01 8.558333333333333348e-01 6.374999999999999556e-01
1.675000000000000100e-01 5.858333333333333171e-01 7.208333333333333259e-01
8.924999999999999600e-01 3.158333333333333548e-01 8.041666666666666963e-01
6.158333333333333437e-01 4.583333333333333010e-02 8.874999999999999556e-01
3.391666666666666718e-01 7.774999999999999689e-01 9.708333333333333259e-01
6.250000000000000000e-02 5.074999999999999512e-01 5.249999999999999806e-02
7.874999999999999778e-01 2.374999999999999889e-01 1.358333333333333337e-01
5.108333333333333615e-01 9.691666666666666208e-01 2.191666666666666763e-01
2.341666666666666619e-01 6.991666666666667140e-01 3.024999999999999911e-01
9.591666666666666119e-01 4.291666666666666408e-01 3.858333333333333059e-01
6.824999999999999956e-01 1.591666666666666785e-01 4.691666666666666763e-01
4.058333333333333237e-01 8.908333333333333659e-01 5.524999999999999911e-01
1.291666666666666796e-01 6.208333333333333481e-01 6.358333333333333615e-01
8.541666666666666297e-01 3.508333333333333304e-01 7.191666666666666208e-01
5.775000000000000133e-01 8.083333333333332649e-02 8.024999999999999911e-01
3.008333333333333415e-01 8.125000000000000000e-01 8.858333333333333615e-01
2.416666666666666616e-02 5.424999999999999822e-01 9.691666666666666208e-01
7.491666666666666474e-01 2.725000000000000200e-01 5.083333333333333454e-02
4.724999999999999756e-01 2.500000000000000052e-03 1.341666666666666563e-01
1.958333333333333315e-01 7.341666666666666341e-01 2.174999999999999989e-01
9.208333333333332815e-01 4.641666666666666718e-01 3.008333333333333415e-01
6.441666666666666652e-01 1.941666666666666541e-01 3.841666666666666563e-01
3.674999999999999933e-01 9.258333333333332860e-01 4.675000000000000266e-01
9.083333333333333537e-02 6.558333333333333792e-01 5.508333333333332860e-01
8.158333333333332993e-01 3.858333333333333059e-01 6.341666666666666563e-01
5.391666666666666829e-01 1.158333333333333298e-01 7.175000000000000266e-01
2.625000000000000111e-01 8.475000000000000311e-01 8.008333333333332860e-01
9.875000000000000444e-01 5.775000000000000133e-01 8.841666666666666563e-01
7.108333333333333171e-01 3.074999999999999956e-01 9.675000000000000266e-01
4.341666666666666452e-01 3.749999999999999861e-02 4.916666666666666408e-02
1.575000000000000011e-01 7.691666666666666652e-01 1.325000000000000067e-01
8.824999999999999512e-01 4.991666666666666474e-01 2.158333333333333215e-01
6.058333333333333348e-01 2.291666666666666574e-01 2.991666666666666918e-01
3.291666666666666630e-01 9.608333333333333171e-01 3.825000000000000067e-01
5.249999999999999806e-02 6.908333333333332993e-01 4.658333333333333215e-01
7.774999999999999689e-01 4.208333333333333370e-01 5.491666666666666918e-01
5.008333333333333526e-01 1.508333333333333470e-01 6.324999999999999512e-01
2.241666666666666530e-01 8.824999999999999512e-01 7.158333333333333215e-01
9.491666666666667140e-01 6.125000000000000444e-01 7.991666666666666918e-01
6.724999999999999867e-01 3.425000000000000266e-01 8.824999999999999512e-01
3.958333333333333148e-01 7.249999999999999500e-02 9.658333333333333215e-01
1.191666666666666707e-01 8.041666666666666963e-01 4.750000000000000056e-02
8.441666666666666208e-01 5.341666666666666785e-01 1.308333333333333293e-01
5.675000000000000044e-01 2.641666666666666607e-01 2.141666666666666718e-01
2.908333333333333326e-01 9.958333333333333481e-01 2.974999999999999867e-01
1.416666666666666595e-02 7.258333333333333304e-01 3.808333333333333570e-01
7.391666666666666385e-01 4.558333333333333126e-01 4.641666666666666718e-01
4.625000000000000222e-01 1.858333333333333226e-01 5.474999999999999867e-01
1.858333333333333226e-01 9.174999999999999822e-01 6.308333333333333570e-01
9.108333333333333837e-01 6.474999999999999645e-01 7.141666666666666163e-01
6.341666666666666563e-01 3.775000000000000022e-01 7.974999999999999867e-01
3.574999999999999845e-01 1.074999999999999983e-01 8.808333333333333570e-01
8.083333333333332649e-02 8.391666666666666163e-01 9.641666666666666163e-01
8.058333333333332904e-01 5.691666666666667096e-01 4.583333333333333010e-02
5.291666666666666741e-01 2.991666666666666918e-01 1.291666666666666796e-01
2.525000000000000022e-01 2.916666666666666713e-02 2.124999999999999944e-01
9.775000000000000355e-01 7.608333333333333615e-01 2.958333333333333370e-01
7.008333333333333082e-01 4.908333333333333437e-01 3.791666666666666519e-01
4.241666666666666918e-01 2.208333333333333259e-01 4.625000000000000222e-01
1.474999999999999922e-01 9.525000000000000133e-01 5.458333333333332815e-01
8.725000000000000533e-01 6.824999999999999956e-01 6.291666666666666519e-01
5.958333333333333259e-01 4.124999999999999778e-01 7.125000000000000222e-01
3.191666666666666541e-01 1.424999999999999878e-01 7.958333333333332815e-01
4.250000000000000305e-02 8.741666666666666474e-01 8.791666666666666519e-01
7.674999999999999600e-01 6.041666666666666297e-01 9.625000000000000222e-01
4.908333333333333437e-01 3.341666666666666674e-01 4.416666666666666657e-02
2.141666666666666718e-01 6.416666666666666352e-02 1.275000000000000022e-01
9.391666666666667052e-01 7.958333333333332815e-01 2.108333333333333448e-01
6.624999999999999778e-01 5.258333333333333748e-01 2.941666666666666874e-01
3.858333333333333059e-01 2.558333333333333570e-01 3.775000000000000022e-01
1.091666666666666619e-01 9.875000000000000444e-01 4.608333333333333171e-01
8.341666666666666119e-01 7.175000000000000266e-01 5.441666666666666874e-01
5.574999999999999956e-01 4.475000000000000089e-01 6.274999999999999467e-01
2.808333333333333237e-01 1.774999999999999911e-01 7.108333333333333171e-01
4.166666666666666609e-03 9.091666666666666785e-01 7.941666666666666874e-01
7.291666666666666297e-01 6.391666666666666607e-01 8.774999999999999467e-01
4.525000000000000133e-01 3.691666666666666430e-01 9.608333333333333171e-01
1.758333333333333415e-01 9.916666666666666685e-02 4.250000000000000305e-02
9.008333333333333748e-01 8.308333333333333126e-01 1.258333333333333248e-01
6.241666666666666474e-01 5.608333333333332948e-01 2.091666666666666674e-01
3.474999999999999756e-01 2.908333333333333326e-01 2.924999999999999822e-01
7.083333333333333148e-02 2.083333333333333218e-02 3.758333333333333526e-01
7.958333333333332815e-01 7.524999999999999467e-01 4.591666666666666674e-01
5.191666666666666652e-01 4.824999999999999845e-01 5.424999999999999822e-01
2.424999999999999933e-01 2.124999999999999944e-01 6.258333333333333526e-01
9.675000000000000266e-01 9.441666666666667096e-01 7.091666666666666119e-01
6.908333333333332993e-01 6.741666666666666918e-01 7.924999999999999822e-01
4.141666666666666829e-01 4.041666666666666741e-01 8.758333333333333526e-01
1.375000000000000111e-01 1.341666666666666563e-01 9.591666666666666119e-01
8.625000000000000444e-01 8.658333333333333437e-01 4.083333333333333259e-02
5.858333333333333171e-01 5.958333333333333259e-01 1.241666666666666613e-01
3.091666666666666452e-01 3.258333333333333082e-01 2.074999999999999900e-01
3.250000000000000111e-02 5.583333333333333204e-02 2.908333333333333326e-01
7.574999999999999512e-01 7.874999999999999778e-01 3.741666666666666474e-01
4.808333333333333348e-01 5.174999999999999600e-01 4.575000000000000178e-01
2.041666666666666630e-01 2.474999999999999978e-01 5.408333333333333881e-01
9.291666666666666963e-01 9.791666666666666297e-01 6.241666666666666474e-01
6.524999999999999689e-01 7.091666666666666119e-01 7.075000000000000178e-01
3.758333333333333526e-01 4.391666666666666496e-01 7.908333333333333881e-01
9.916666666666666685e-02 1.691666666666666596e-01 8.741666666666666474e-01
8.241666666666667140e-01 9.008333333333333748e-01 9.575000000000000178e-01
5.474999999999999867e-01 6.308333333333333570e-01 3.916666666666666907e-02
2.708333333333333148e-01 3.608333333333333393e-01 1.224999999999999978e-01
9.958333333333333481e-01 9.083333333333333537e-02 2.058333333333333404e-01
7.191666666666666208e-01 8.225000000000000089e-01 2.891666666666666829e-01
4.425000000000000044e-01 5.524999999999999911e-01 3.724999999999999978e-01
1.658333333333333326e-01 2.824999999999999734e-01 4.558333333333333126e-01
8.908333333333333659e-01 1.250000000000000069e-02 5.391666666666666829e-01
6.141666666666666385e-01 7.441666666666666430e-01 6.225000000000000533e-01
3.375000000000000222e-01 4.741666666666666807e-01 7.058333333333333126e-01
6.083333333333333648e-02 2.041666666666666630e-01 7.891666666666666829e-01
7.858333333333333837e-01 9.358333333333332948e-01 8.725000000000000533e-01
5.091666666666666563e-01 6.658333333333333881e-01 9.558333333333333126e-01
2.325000000000000122e-01 3.958333333333333148e-01 3.749999999999999861e-02
9.575000000000000178e-01 1.258333333333333248e-01 1.208333333333333343e-01
6.808333333333332904e-01 8.575000000000000400e-01 2.041666666666666630e-01
4.041666666666666741e-01 5.875000000000000222e-01 2.874999999999999778e-01
1.275000000000000022e-01 3.175000000000000044e-01 3.708333333333333481e-01
8.525000000000000355e-01 4.750000000000000056e-02 4.541666666666666630e-01
5.758333333333333082e-01 7.791666666666666741e-01 5.374999999999999778e-01
2.991666666666666918e-01 5.091666666666666563e-01 6.208333333333333481e-01
2.249999999999999917e-02 2.391666666666666663e-01 7.041666666666667185e-01
7.475000000000000533e-01 9.708333333333333259e-01 7.874999999999999778e-01
4.708333333333333259e-01 7.008333333333333082e-01 8.708333333333333481e-01
1.941666666666666541e-01 4.308333333333333459e-01 9.541666666666667185e-01
9.191666666666666874e-01 1.608333333333333282e-01 3.583333333333333509e-02
6.424999999999999600e-01 8.924999999999999600e-01 1.191666666666666707e-01
3.658333333333333437e-01 6.225000000000000533e-01 2.025000000000000133e-01
8.916666666666667185e-02 3.524999999999999800e-01 2.858333333333333282e-01
8.141666666666667052e-01 8.250000000000000389e-02 3.691666666666666430e-01
5.374999999999999778e-01 8.141666666666667052e-01 4.525000000000000133e-01
2.608333333333333059e-01 5.441666666666666874e-01 5.358333333333333837e-01
9.858333333333333393e-01 2.741666666666666696e-01 6.191666666666666430e-01
7.091666666666666119e-01 4.166666666666666609e-03 7.025000000000000133e-01
4.324999999999999956e-01 7.358333333333333393e-01 7.858333333333333837e-01
1.558333333333333237e-01 4.658333333333333215e-01 8.691666666666666430e-01
8.808333333333333570e-01 1.958333333333333315e-01 9.525000000000000133e-01
6.041666666666666297e-01 9.274999999999999911e-01 3.416666666666666463e-02
3.275000000000000133e-01 6.574999999999999734e-01 1.174999999999999933e-01
5.083333333333333454e-02 3.875000000000000111e-01 2.008333333333333359e-01
7.758333333333333748e-01 1.174999999999999933e-01 2.841666666666666785e-01
4.991666666666666474e-01 8.491666666666666252e-01 3.674999999999999933e-01
2.225000000000000033e-01 5.791666666666667185e-01 4.508333333333333082e-01
9.475000000000000089e-01 3.091666666666666452e-01 5.341666666666666785e-01
6.708333333333332815e-01 3.916666666666666907e-02 6.175000000000000488e-01
3.941666666666666652e-01 7.708333333333333703e-01 7.008333333333333082e-01
1.174999999999999933e-01 5.008333333333333526e-01 7.841666666666666785e-01
8.425000000000000266e-01 2.308333333333333348e-01 8.675000000000000488e-01
5.658333333333332993e-01 9.625000000000000222e-01 9.508333333333333082e-01
2.891666666666666829e-01 6.925000000000000044e-01 3.250000000000000111e-02
1.250000000000000069e-02 4.224999999999999867e-01 1.158333333333333298e-01
7.375000000000000444e-01 1.524999999999999967e-01 1.991666666666666585e-01
4.608333333333333171e-01 8.841666666666666563e-01 2.824999999999999734e-01
1.841666666666666730e-01 6.141666666666666385e-01 3.658333333333333437e-01
9.091666666666666785e-01 3.441666666666666763e-01 4.491666666666666585e-01
6.324999999999999512e-01 7.416666666666667240e-02 5.324999999999999734e-01
3.558333333333333348e-01 8.058333333333332904e-01 6.158333333333333437e-01
7.916666666666666297e-02 5.358333333333333837e-01 6.991666666666667140e-01
8.041666666666666963e-01 2.658333333333333104e-01 7.824999999999999734e-01
5.274999999999999689e-01 9.975000000000000533e-01 8.658333333333333437e-01
2.508333333333333526e-01 7.275000000000000355e-01 9.491666666666667140e-01
9.758333333333333304e-01 4.575000000000000178e-01 3.083333333333333412e-02
6.991666666666667140e-01 1.875000000000000000e-01 1.141666666666666663e-01
4.224999999999999867e-01 9.191666666666666874e-01 1.975000000000000089e-01
1.458333333333333426e-01 6.491666666666666696e-01 2.808333333333333237e-01
8.708333333333333481e-01 3.791666666666666519e-01 3.641666666666666941e-01
5.941666666666666208e-01 1.091666666666666619e-01 4.475000000000000089e-01
3.175000000000000044e-01 8.408333333333333215e-01 5.308333333333333792e-01
4.083333333333333259e-02 5.708333333333333037e-01 6.141666666666666385e-01
7.658333333333333659e-01 3.008333333333333415e-01 6.975000000000000089e-01
4.891666666666666941e-01 3.083333333333333412e-02 7.808333333333333792e-01
2.124999999999999944e-01 7.624999999999999556e-01 8.641666666666666385e-01
9.375000000000000000e-01 4.924999999999999933e-01 9.475000000000000089e-01
6.608333333333333837e-01 2.225000000000000033e-01 2.916666666666666713e-02
3.841666666666666563e-01 9.541666666666667185e-01 1.125000000000000028e-01
1.074999999999999983e-01 6.841666666666667007e-01 1.958333333333333315e-01
8.325000000000000178e-01 4.141666666666666829e-01 2.791666666666666741e-01
5.558333333333332904e-01 1.441666666666666652e-01 3.624999999999999889e-01
2.791666666666666741e-01 8.758333333333333526e-01 4.458333333333333592e-01
2.500000000000000052e-03 6.058333333333333348e-01 5.291666666666666741e-01
7.275000000000000355e-01 3.358333333333333171e-01 6.125000000000000444e-01
4.508333333333333082e-01 6.583333333333332704e-02 6.958333333333333037e-01
1.741666666666666641e-01 7.974999999999999867e-01 7.791666666666666741e-01
8.991666666666666696e-01 5.274999999999999689e-01 8.625000000000000444e-01
6.225000000000000533e-01 2.575000000000000067e-01 9.458333333333333037e-01
3.458333333333333259e-01 9.891666666666666385e-01 2.750000000000000014e-02
6.916666666666666796e-02 7.191666666666666208e-01 1.108333333333333393e-01
7.941666666666666874e-01 4.491666666666666585e-01 1.941666666666666541e-01
5.174999999999999600e-01 1.791666666666666685e-01 2.775000000000000244e-01
2.408333333333333437e-01 9.108333333333333837e-01 3.608333333333333393e-01
9.658333333333333215e-01 6.408333333333333659e-01 4.441666666666666541e-01
6.891666666666667052e-01 3.708333333333333481e-01 5.274999999999999689e-01
4.124999999999999778e-01 1.008333333333333304e-01 6.108333333333333393e-01
1.358333333333333337e-01 8.325000000000000178e-01 6.941666666666667096e-01
8.608333333333333393e-01 5.625000000000000000e-01 7.774999999999999689e-01
5.841666666666666119e-01 2.924999999999999822e-01 8.608333333333333393e-01
3.074999999999999956e-01 2.249999999999999917e-02 9.441666666666667096e-01
3.083333333333333412e-02 7.541666666666666519e-01 2.583333333333333315e-02
7.558333333333333570e-01 4.841666666666666896e-01 1.091666666666666619e-01
4.791666666666666852e-01 2.141666666666666718e-01 1.925000000000000044e-01
2.025000000000000133e-01 9.458333333333333037e-01 2.758333333333333193e-01
9.274999999999999911e-01 6.758333333333332860e-01 3.591666666666666896e-01
6.508333333333333748e-01 4.058333333333333237e-01 4.425000000000000044e-01
3.741666666666666474e-01 1.358333333333333337e-01 5.258333333333333748e-01
9.750000000000000333e-02 8.675000000000000488e-01 6.091666666666666341e-01
8.225000000000000089e-01 5.975000000000000311e-01 6.925000000000000044e-01
5.458333333333332815e-01 3.275000000000000133e-01 7.758333333333333748e-01
2.691666666666666652e-01 5.750000000000000250e-02 8.591666666666666341e-01
9.941666666666666430e-01 7.891666666666666829e-01 9.425000000000000044e-01
7.175000000000000266e-01 5.191666666666666652e-01 2.416666666666666616e-02
4.408333333333333548e-01 2.491666666666666752e-01 1.074999999999999983e-01
1.641666666666666552e-01 9.808333333333333348e-01 1.908333333333333270e-01
8.891666666666666607e-01 7.108333333333333171e-01 2.741666666666666696e-01
6.125000000000000444e-01 4.408333333333333548e-01 3.574999999999999845e-01
3.358333333333333171e-01 1.708333333333333370e-01 4.408333333333333548e-01
5.916666666666666602e-02 9.024999999999999689e-01 5.241666666666666696e-01
7.841666666666666785e-01 6.324999999999999512e-01 6.075000000000000400e-01
5.074999999999999512e-01 3.624999999999999889e-01 6.908333333333332993e-01
2.308333333333333348e-01 9.249999999999999889e-02 7.741666666666666696e-01
9.558333333333333126e-01 8.241666666666667140e-01 8.575000000000000400e-01
6.791666666666666963e-01 5.541666666666666963e-01 9.408333333333332993e-01
4.025000000000000244e-01 2.841666666666666785e-01 2.249999999999999917e-02
1.258333333333333248e-01 1.416666666666666595e-02 1.058333333333333348e-01
8.508333333333333304e-01 7.458333333333333481e-01 1.891666666666666774e-01
5.741666666666667140e-01 4.758333333333333304e-01 2.725000000000000200e-01
2.974999999999999867e-01 2.058333333333333404e-01 3.558333333333333348e-01
2.083333333333333218e-02 9.375000000000000000e-01 4.391666666666666496e-01
7.458333333333333481e-01 6.674999999999999822e-01 5.224999999999999645e-01
4.691666666666666763e-01 3.975000000000000200e-01 6.058333333333333348e-01
1.925000000000000044e-01 1.275000000000000022e-01 6.891666666666667052e-01
9.174999999999999822e-01 8.591666666666666341e-01 7.724999999999999645e-01
6.408333333333333659e-01 5.891666666666666163e-01 8.558333333333333348e-01
3.641666666666666941e-01 3.191666666666666541e-01 9.391666666666667052e-01
8.749999999999999445e-02 4.916666666666666408e-02 2.083333333333333218e-02
8.125000000000000000e-01 7.808333333333333792e-01 1.041666666666666713e-01
5.358333333333333837e-01 5.108333333333333615e-01 1.875000000000000000e-01
2.591666666666666563e-01 2.408333333333333437e-01 2.708333333333333148e-01
9.841666666666666341e-01 9.725000000000000311e-01 3.541666666666666852e-01
7.075000000000000178e-01 7.025000000000000133e-01 4.375000000000000000e-01
4.308333333333333459e-01 4.324999999999999956e-01 5.208333333333333703e-01
1.541666666666666741e-01 1.625000000000000056e-01 6.041666666666666297e-01
8.791666666666666519e-01 8.941666666666666652e-01 6.875000000000000000e-01
6.025000000000000355e-01 6.241666666666666474e-01 7.708333333333333703e-01
3.258333333333333082e-01 3.541666666666666852e-01 8.541666666666666297e-01
4.916666666666666408e-02 8.416666666666666741e-02 9.375000000000000000e-01
7.741666666666666696e-01 8.158333333333332993e-01 1.916666666666666519e-02
4.974999999999999978e-01 5.458333333333332815e-01 1.024999999999999939e-01
2.208333333333333259e-01 2.758333333333333193e-01 1.858333333333333226e-01
9.458333333333333037e-01 5.833333333333333599e-03 2.691666666666666652e-01
6.691666666666666874e-01 7.375000000000000444e-01 3.524999999999999800e-01
3.925000000000000155e-01 4.675000000000000266e-01 4.358333333333333504e-01
1.158333333333333298e-01 1.975000000000000089e-01 5.191666666666666652e-01
8.408333333333333215e-01 9.291666666666666963e-01 6.025000000000000355e-01
5.641666666666667052e-01 6.591666666666666785e-01 6.858333333333332948e-01
2.874999999999999778e-01 3.891666666666666607e-01 7.691666666666666652e-01
1.083333333333333370e-02 1.191666666666666707e-01 8.525000000000000355e-01
7.358333333333333393e-01 8.508333333333333304e-01 9.358333333333332948e-01
4.591666666666666674e-01 5.808333333333333126e-01 1.750000000000000167e-02
1.824999999999999956e-01 3.108333333333333504e-01 1.008333333333333304e-01
9.074999999999999734e-01 4.083333333333333259e-02 1.841666666666666730e-01
6.308333333333333570e-01 7.724999999999999645e-01 2.675000000000000155e-01
3.541666666666666852e-01 5.024999999999999467e-01 3.508333333333333304e-01
7.749999999999999944e-02 2.325000000000000122e-01 4.341666666666666452e-01
8.024999999999999911e-01 9.641666666666666163e-01 5.174999999999999600e-01
5.258333333333333748e-01 6.941666666666667096e-01 6.008333333333333304e-01
2.491666666666666752e-01 4.241666666666666918e-01 6.841666666666667007e-01
9.741666666666666252e-01 1.541666666666666741e-01 7.674999999999999600e-01
6.975000000000000089e-01 8.858333333333333615e-01 8.508333333333333304e-01
4.208333333333333370e-01 6.158333333333333437e-01 9.341666666666667007e-01
1.441666666666666652e-01 3.458333333333333259e-01 1.583333333333333467e-02
8.691666666666666430e-01 7.583333333333333592e-02 9.916666666666666685e-02
5.925000000000000266e-01 8.074999999999999956e-01 1.824999999999999956e-01
3.158333333333333548e-01 5.374999999999999778e-01 2.658333333333333104e-01
3.916666666666666907e-02 2.675000000000000155e-01 3.491666666666666807e-01
7.641666666666666607e-01 9.991666666666666474e-01 4.324999999999999956e-01
4.874999999999999889e-01 7.291666666666666297e-01 5.158333333333333659e-01
2.108333333333333448e-01 4.591666666666666674e-01 5.991666666666666252e-01
9.358333333333332948e-01 1.891666666666666774e-01 6.824999999999999956e-01
6.591666666666666785e-01 9.208333333333332815e-01 7.658333333333333659e-01
3.825000000000000067e-01 6.508333333333333748e-01 8.491666666666666252e-01
1.058333333333333348e-01 3.808333333333333570e-01 9.324999999999999956e-01
8.308333333333333126e-01 1.108333333333333393e-01 1.416666666666666595e-02
5.541666666666666963e-01 8.425000000000000266e-01 9.750000000000000333e-02
2.775000000000000244e-01 5.725000000000000089e-01 1.808333333333333459e-01
8.333333333333333868e-04 3.024999999999999911e-01 2.641666666666666607e-01
7.258333333333333304e-01 3.250000000000000111e-02 3.474999999999999756e-01
4.491666666666666585e-01 7.641666666666666607e-01 4.308333333333333459e-01
1.724999999999999867e-01 4.941666666666666430e-01 5.141666666666666607e-01
8.974999999999999645e-01 2.241666666666666530e-01 5.975000000000000311e-01
6.208333333333333481e-01 9.558333333333333126e-01 6.808333333333332904e-01
3.441666666666666763e-01 6.858333333333332948e-01 7.641666666666666607e-01
6.750000000000000444e-02 4.158333333333333326e-01 8.475000000000000311e-01
7.924999999999999822e-01 1.458333333333333426e-01 9.308333333333332904e-01
5.158333333333333659e-01 8.774999999999999467e-01 1.250000000000000069e-02
2.391666666666666663e-01 6.075000000000000400e-01 9.583333333333333981e-02
9.641666666666666163e-01 3.375000000000000222e-01 1.791666666666666685e-01
6.875000000000000000e-01 6.750000000000000444e-02 2.625000000000000111e-01
4.108333333333333282e-01 7.991666666666666918e-01 3.458333333333333259e-01
1.341666666666666563e-01 5.291666666666666741e-01 4.291666666666666408e-01
8.591666666666666341e-01 2.591666666666666563e-01 5.124999999999999556e-01
5.825000000000000178e-01 9.908333333333333437e-01 5.958333333333333259e-01
3.058333333333333459e-01 7.208333333333333259e-01 6.791666666666666963e-01
2.916666666666666713e-02 4.508333333333333082e-01 7.624999999999999556e-01
7.541666666666666519e-01 1.808333333333333459e-01 8.458333333333333259e-01
4.774999999999999800e-01 9.124999999999999778e-01 9.291666666666666963e-01
2.008333333333333359e-01 6.424999999999999600e-01 1.083333333333333370e-02
9.258333333333332860e-01 3.724999999999999978e-01 9.416666666666666241e-02
6.491666666666666696e-01 1.024999999999999939e-01 1.774999999999999911e-01
3.724999999999999978e-01 8.341666666666666119e-01 2.608333333333333059e-01
9.583333333333333981e-02 5.641666666666667052e-01 3.441666666666666763e-01
8.208333333333333037e-01 2.941666666666666874e-01 4.274999999999999911e-01
5.441666666666666874e-01 2.416666666666666616e-02 5.108333333333333615e-01
2.675000000000000155e-01 7.558333333333333570e-01 5.941666666666666208e-01
9.925000000000000488e-01 4.858333333333333393e-01 6.774999999999999911e-01
7.158333333333333215e-01 2.158333333333333215e-01 7.608333333333333615e-01
4.391666666666666496e-01 9.475000000000000089e-01 8.441666666666666208e-01
1.625000000000000056e-01 6.774999999999999911e-01 9.274999999999999911e-01
8.874999999999999556e-01 4.074999999999999734e-01 9.166666666666666713e-03
6.108333333333333393e-01 1.375000000000000111e-01 9.249999999999999889e-02
3.341666666666666674e-01 8.691666666666666430e-01 1.758333333333333415e-01
5.750000000000000250e-02 5.991666666666666252e-01 2.591666666666666563e-01
7.824999999999999734e-01 3.291666666666666630e-01 3.425000000000000266e-01
5.058333333333333570e-01 5.916666666666666602e-02 4.258333333333333415e-01
2.291666666666666574e-01 7.908333333333333881e-01 5.091666666666666563e-01
9.541666666666667185e-01 5.208333333333333703e-01 5.925000000000000266e-01
6.774999999999999911e-01 2.508333333333333526e-01 6.758333333333332860e-01
4.008333333333333193e-01 9.825000000000000400e-01 7.591666666666666563e-01
1.241666666666666613e-01 7.125000000000000222e-01 8.425000000000000266e-01
8.491666666666666252e-01 4.425000000000000044e-01 9.258333333333332860e-01
5.725000000000000089e-01 1.724999999999999867e-01 7.499999999999999722e-03
2.958333333333333370e-01 9.041666666666666741e-01 9.083333333333333537e-02
1.916666666666666519e-02 6.341666666666666563e-01 1.741666666666666641e-01
7.441666666666666430e-01 3.641666666666666941e-01 2.575000000000000067e-01
4.675000000000000266e-01 9.416666666666666241e-02 3.408333333333333215e-01
1.908333333333333270e-01 8.258333333333333082e-01 4.241666666666666918e-01
9.158333333333333881e-01 5.558333333333332904e-01 5.074999999999999512e-01
6.391666666666666607e-01 2.858333333333333282e-01 5.908333333333333215e-01
3.624999999999999889e-01 1.583333333333333467e-02 6.741666666666666918e-01
8.583333333333333093e-02 7.475000000000000533e-01 7.574999999999999512e-01
8.108333333333332948e-01 4.774999999999999800e-01 8.408333333333333215e-01
5.341666666666666785e-01 2.074999999999999900e-01 9.241666666666666918e-01
2.575000000000000067e-01 9.391666666666667052e-01 5.833333333333333599e-03
9.825000000000000400e-01 6.691666666666666874e-01 8.916666666666667185e-02
7.058333333333333126e-01 3.991666666666666696e-01 1.724999999999999867e-01
4.291666666666666408e-01 1.291666666666666796e-01 2.558333333333333570e-01
1.524999999999999967e-01 8.608333333333333393e-01 3.391666666666666718e-01
8.774999999999999467e-01 5.908333333333333215e-01 4.224999999999999867e-01
6.008333333333333304e-01 3.208333333333333592e-01 5.058333333333333570e-01
3.241666666666666585e-01 5.083333333333333454e-02 5.891666666666666163e-01
4.750000000000000056e-02 7.824999999999999734e-01 6.724999999999999867e-01
7.724999999999999645e-01 5.124999999999999556e-01 7.558333333333333570e-01
4.958333333333333481e-01 2.424999999999999933e-01 8.391666666666666163e-01
2.191666666666666763e-01 9.741666666666666252e-01 9.224999999999999867e-01
9.441666666666667096e-01 7.041666666666667185e-01 4.166666666666666609e-03
6.674999999999999822e-01 4.341666666666666452e-01 8.749999999999999445e-02
3.908333333333333104e-01 1.641666666666666552e-01 1.708333333333333370e-01
1.141666666666666663e-01 8.958333333333333703e-01 2.541666666666666519e-01
8.391666666666666163e-01 6.258333333333333526e-01 3.375000000000000222e-01
5.625000000000000000e-01 3.558333333333333348e-01 4.208333333333333370e-01
2.858333333333333282e-01 8.583333333333333093e-02 5.041666666666666519e-01
9.166666666666666713e-03 8.175000000000000044e-01 5.875000000000000222e-01
7.341666666666666341e-01 5.474999999999999867e-01 6.708333333333332815e-01
4.575000000000000178e-01 2.775000000000000244e-01 7.541666666666666519e-01
1.808333333333333459e-01 7.499999999999999722e-03 8.375000000000000222e-01
9.058333333333333792e-01 7.391666666666666385e-01 9.208333333333332815e-01
6.291666666666666519e-01 4.691666666666666763e-01 2.500000000000000052e-03
3.524999999999999800e-01 1.991666666666666585e-01 8.583333333333333093e-02
7.583333333333333592e-02 9.308333333333332904e-01 1.691666666666666596e-01
8.008333333333332860e-01 6.608333333333333837e-01 2.525000000000000022e-01
5.241666666666666696e-01 3.908333333333333104e-01 3.358333333333333171e-01
2.474999999999999978e-01 1.208333333333333343e-01 4.191666666666666874e-01
9.725000000000000311e-01 8.525000000000000355e-01 5.024999999999999467e-01
6.958333333333333037e-01 5.825000000000000178e-01 5.858333333333333171e-01
4.191666666666666874e-01 3.125000000000000000e-01 6.691666666666666874e-01
1.424999999999999878e-01 4.250000000000000305e-02 7.524999999999999467e-01
8.675000000000000488e-01 7.741666666666666696e-01 8.358333333333333171e-01
5.908333333333333215e-01 5.041666666666666519e-01 9.191666666666666874e-01
3.141666666666666496e-01 2.341666666666666619e-01 8.333333333333333868e-04
3.749999999999999861e-02 9.658333333333333215e-01 8.416666666666666741e-02
7.624999999999999556e-01 6.958333333333333037e-01 1.675000000000000100e-01
4.858333333333333393e-01 4.258333333333333415e-01 2.508333333333333526e-01
2.091666666666666674e-01 1.558333333333333237e-01 3.341666666666666674e-01
9.341666666666667007e-01 8.874999999999999556e-01 4.174999999999999822e-01
6.574999999999999734e-01 6.175000000000000488e-01 5.008333333333333526e-01
3.808333333333333570e-01 3.474999999999999756e-01 5.841666666666666119e-01
1.041666666666666713e-01 7.749999999999999944e-02 6.674999999999999822e-01
8.291666666666667185e-01 8.091666666666667007e-01 7.508333333333333526e-01
5.524999999999999911e-01 5.391666666666666829e-01 8.341666666666666119e-01
2.758333333333333193e-01 2.691666666666666652e-01 9.174999999999999822e-01
