7.331250000000000266e-01 7.806250000000000133e-01 8.268750000000000266e-01
4.656250000000000111e-01 5.606250000000000400e-01 6.531249999999999556e-01
1.981249999999999956e-01 3.406250000000000111e-01 4.793749999999999956e-01
9.318750000000000089e-01 1.206249999999999961e-01 3.056249999999999800e-01
6.643750000000000488e-01 9.018749999999999822e-01 1.318749999999999922e-01
3.968749999999999778e-01 6.818750000000000089e-01 9.593749999999999778e-01
1.293749999999999900e-01 4.618749999999999800e-01 7.856250000000000178e-01
8.631250000000000311e-01 2.418750000000000067e-01 6.118749999999999467e-01
5.956249999999999600e-01 2.187499999999999861e-02 4.381249999999999867e-01
3.281250000000000000e-01 8.031249999999999778e-01 2.643750000000000266e-01
6.062499999999999833e-02 5.831250000000000044e-01 9.062499999999999722e-02
7.943750000000000533e-01 3.631249999999999756e-01 9.181249999999999689e-01
5.268749999999999822e-01 1.431250000000000022e-01 7.443750000000000089e-01
2.593750000000000222e-01 9.243749999999999467e-01 5.706250000000000488e-01
9.931250000000000355e-01 7.043749999999999734e-01 3.968749999999999778e-01
7.256249999999999645e-01 4.843750000000000000e-01 2.231249999999999900e-01
4.581250000000000044e-01 2.643750000000000266e-01 4.937500000000000222e-02
1.906249999999999889e-01 4.437499999999999778e-02 8.768749999999999600e-01
9.243749999999999467e-01 8.256250000000000533e-01 7.031250000000000000e-01
6.568749999999999867e-01 6.056249999999999689e-01 5.293750000000000400e-01
3.893750000000000266e-01 3.856249999999999956e-01 3.556250000000000244e-01
1.218749999999999972e-01 1.656249999999999944e-01 1.818750000000000089e-01
8.556249999999999689e-01 9.468750000000000222e-01 8.125000000000000278e-03
5.881250000000000089e-01 7.268750000000000488e-01 8.356249999999999512e-01
3.206249999999999933e-01 5.068749999999999645e-01 6.618749999999999911e-01
5.312499999999999861e-02 2.868749999999999911e-01 4.881249999999999756e-01
7.868749999999999911e-01 6.687500000000000389e-02 3.143750000000000155e-01
5.193750000000000311e-01 8.481250000000000178e-01 1.406250000000000000e-01
2.518750000000000155e-01 6.281250000000000444e-01 9.681250000000000133e-01
9.856249999999999734e-01 4.081250000000000155e-01 7.943750000000000533e-01
7.181250000000000133e-01 1.881249999999999867e-01 6.206249999999999822e-01
4.506249999999999978e-01 9.693749999999999867e-01 4.468750000000000222e-01
1.831250000000000100e-01 7.493750000000000133e-01 2.731250000000000067e-01
9.168749999999999956e-01 5.293750000000000400e-01 9.937500000000000500e-02
6.493750000000000355e-01 3.093750000000000111e-01 9.268750000000000044e-01
3.818750000000000200e-01 8.937499999999999611e-02 7.531250000000000444e-01
1.143750000000000044e-01 8.706249999999999822e-01 5.793749999999999734e-01
8.481250000000000178e-01 6.506250000000000089e-01 4.056250000000000133e-01
5.806249999999999467e-01 4.306249999999999800e-01 2.318749999999999978e-01
3.131249999999999867e-01 2.106250000000000067e-01 5.812500000000000305e-02
4.562499999999999889e-02 9.918749999999999512e-01 8.856249999999999956e-01
7.793750000000000400e-01 7.718749999999999778e-01 7.118750000000000355e-01
5.118749999999999689e-01 5.518750000000000044e-01 5.381249999999999645e-01
2.443750000000000089e-01 3.318749999999999756e-01 3.643750000000000044e-01
9.781250000000000222e-01 1.118750000000000022e-01 1.906249999999999889e-01
7.106249999999999512e-01 8.931249999999999467e-01 1.687500000000000111e-02
4.431249999999999911e-01 6.731249999999999734e-01 8.443749999999999867e-01
1.756250000000000033e-01 4.531250000000000000e-01 6.706250000000000266e-01
9.093750000000000444e-01 2.331249999999999989e-01 4.968750000000000111e-01
6.418749999999999734e-01 1.312499999999999951e-02 3.231249999999999956e-01
3.743750000000000133e-01 7.943750000000000533e-01 1.493750000000000078e-01
1.068749999999999978e-01 5.743749999999999689e-01 9.768750000000000488e-01
8.406249999999999556e-01 3.543749999999999956e-01 8.031249999999999778e-01
5.731249999999999956e-01 1.343749999999999944e-01 6.293750000000000178e-01
3.056249999999999800e-01 9.156250000000000222e-01 4.556250000000000022e-01
3.812499999999999917e-02 6.956250000000000488e-01 2.818749999999999867e-01
7.718749999999999778e-01 4.756250000000000200e-01 1.081249999999999989e-01
5.043750000000000178e-01 2.556249999999999911e-01 9.356250000000000400e-01
2.368750000000000022e-01 3.562499999999999695e-02 7.618749999999999689e-01
9.706249999999999600e-01 8.168750000000000178e-01 5.881250000000000089e-01
7.031250000000000000e-01 5.968750000000000444e-01 4.143749999999999933e-01
4.356249999999999845e-01 3.768750000000000155e-01 2.406250000000000056e-01
1.681249999999999967e-01 1.568749999999999867e-01 6.687500000000000389e-02
9.018749999999999822e-01 9.381249999999999867e-01 8.943750000000000311e-01
6.343750000000000222e-01 7.181250000000000133e-01 7.206249999999999600e-01
3.668750000000000067e-01 4.981249999999999845e-01 5.468750000000000000e-01
9.937500000000000500e-02 2.781250000000000111e-01 3.731249999999999845e-01
8.331250000000000044e-01 5.812500000000000305e-02 1.993749999999999967e-01
5.656250000000000444e-01 8.393749999999999822e-01 2.562499999999999847e-02
2.981249999999999734e-01 6.193750000000000089e-01 8.531250000000000222e-01
3.062499999999999944e-02 3.993749999999999800e-01 6.793749999999999512e-01
7.643750000000000266e-01 1.793750000000000067e-01 5.056249999999999911e-01
4.968750000000000111e-01 9.606249999999999512e-01 3.318749999999999756e-01
2.293749999999999956e-01 7.406249999999999778e-01 1.581249999999999878e-01
9.631250000000000089e-01 5.206250000000000044e-01 9.856249999999999734e-01
6.956250000000000488e-01 3.006249999999999756e-01 8.118750000000000133e-01
4.281249999999999778e-01 8.062500000000000222e-02 6.381250000000000533e-01
1.606249999999999900e-01 8.618749999999999467e-01 4.643749999999999822e-01
8.943750000000000311e-01 6.418749999999999734e-01 2.906250000000000222e-01
6.268749999999999600e-01 4.218750000000000000e-01 1.168750000000000067e-01
3.593750000000000000e-01 2.018749999999999989e-01 9.443749999999999645e-01
9.187499999999999833e-02 9.831250000000000266e-01 7.706250000000000044e-01
8.256250000000000533e-01 7.631250000000000533e-01 5.968750000000000444e-01
5.581249999999999822e-01 5.431249999999999689e-01 4.231249999999999734e-01
2.906250000000000222e-01 3.231249999999999956e-01 2.493750000000000133e-01
2.312499999999999972e-02 1.031249999999999944e-01 7.562499999999999778e-02
7.568749999999999645e-01 8.843750000000000222e-01 9.031249999999999556e-01
4.893750000000000044e-01 6.643750000000000488e-01 7.293749999999999956e-01
2.218749999999999889e-01 4.443750000000000200e-01 5.556250000000000355e-01
9.556249999999999467e-01 2.243749999999999911e-01 3.818750000000000200e-01
6.881249999999999867e-01 4.375000000000000416e-03 2.081250000000000044e-01
4.206250000000000266e-01 7.856250000000000178e-01 3.437500000000000278e-02
1.531250000000000111e-01 5.656250000000000444e-01 8.618749999999999467e-01
8.868749999999999689e-01 3.456250000000000155e-01 6.881249999999999867e-01
6.193750000000000089e-01 1.256249999999999867e-01 5.143750000000000266e-01
3.518749999999999933e-01 9.068749999999999867e-01 3.406250000000000111e-01
8.437500000000000555e-02 6.868750000000000133e-01 1.668749999999999956e-01
8.181249999999999911e-01 4.668749999999999845e-01 9.943750000000000089e-01
5.506250000000000311e-01 2.468750000000000111e-01 8.206250000000000488e-01
2.831250000000000155e-01 2.687499999999999958e-02 6.468749999999999778e-01
1.562500000000000000e-02 8.081249999999999822e-01 4.731250000000000178e-01
7.493750000000000133e-01 5.881250000000000089e-01 2.993750000000000022e-01
4.818749999999999978e-01 3.681249999999999800e-01 1.256249999999999867e-01
2.143750000000000100e-01 1.481250000000000067e-01 9.531250000000000000e-01
9.481249999999999956e-01 9.293749999999999512e-01 7.793750000000000400e-01
6.806250000000000355e-01 7.093749999999999778e-01 6.056249999999999689e-01
4.131250000000000200e-01 4.893750000000000044e-01 4.318750000000000089e-01
1.456250000000000044e-01 2.693749999999999756e-01 2.581249999999999933e-01
8.793750000000000178e-01 4.937500000000000222e-02 8.437500000000000555e-02
6.118749999999999467e-01 8.306249999999999467e-01 9.118749999999999911e-01
3.443749999999999867e-01 6.106249999999999734e-01 7.381250000000000311e-01
7.687499999999999889e-02 3.906250000000000000e-01 5.643749999999999600e-01
8.106250000000000400e-01 1.706249999999999989e-01 3.906250000000000000e-01
5.431249999999999689e-01 9.518750000000000266e-01 2.168750000000000122e-01
2.756250000000000089e-01 7.318750000000000533e-01 4.312499999999999667e-02
8.125000000000000278e-03 5.118749999999999689e-01 8.706249999999999822e-01
7.418749999999999512e-01 2.918749999999999956e-01 6.968750000000000222e-01
4.743749999999999911e-01 7.187499999999999445e-02 5.231249999999999512e-01
2.068750000000000033e-01 8.531250000000000222e-01 3.493749999999999911e-01
9.406250000000000444e-01 6.331250000000000488e-01 1.756250000000000033e-01
6.731249999999999734e-01 4.131250000000000200e-01 1.874999999999999931e-03
4.056250000000000133e-01 1.931249999999999911e-01 8.293749999999999734e-01
1.381249999999999978e-01 9.743749999999999911e-01 6.556250000000000133e-01
8.718749999999999556e-01 7.543750000000000178e-01 4.818749999999999978e-01
6.043749999999999956e-01 5.343750000000000444e-01 3.081249999999999822e-01
3.368749999999999800e-01 3.143750000000000155e-01 1.343749999999999944e-01
6.937500000000000611e-02 9.437500000000000056e-02 9.618750000000000355e-01
8.031249999999999778e-01 8.756249999999999867e-01 7.881249999999999645e-01
5.356250000000000178e-01 6.556250000000000133e-01 6.143750000000000044e-01
2.681250000000000022e-01 4.356249999999999845e-01 4.406249999999999889e-01
6.250000000000000130e-04 2.156250000000000111e-01 2.668749999999999734e-01
7.343750000000000000e-01 9.968749999999999556e-01 9.312499999999999944e-02
4.668749999999999845e-01 7.768749999999999822e-01 9.206250000000000266e-01
1.993749999999999967e-01 5.568750000000000089e-01 7.468749999999999556e-01
9.331249999999999822e-01 3.368749999999999800e-01 5.731249999999999956e-01
6.656250000000000222e-01 1.168750000000000067e-01 3.993749999999999800e-01
3.981250000000000067e-01 8.981249999999999512e-01 2.256249999999999922e-01
1.306249999999999911e-01 6.781249999999999778e-01 5.187499999999999750e-02
8.643750000000000044e-01 4.581250000000000044e-01 8.793750000000000178e-01
5.968750000000000444e-01 2.381250000000000033e-01 7.056249999999999467e-01
3.293749999999999734e-01 1.812499999999999875e-02 5.318749999999999867e-01
6.187499999999999944e-02 7.993749999999999467e-01 3.581250000000000266e-01
7.956250000000000266e-01 5.793749999999999734e-01 1.843750000000000111e-01
5.281249999999999556e-01 3.593750000000000000e-01 1.062500000000000076e-02
2.606249999999999956e-01 1.393749999999999989e-01 8.381250000000000089e-01
9.943750000000000089e-01 9.206250000000000266e-01 6.643750000000000488e-01
7.268750000000000488e-01 7.006250000000000533e-01 4.906249999999999778e-01
4.593749999999999778e-01 4.806250000000000244e-01 3.168750000000000178e-01
1.918749999999999900e-01 2.606249999999999956e-01 1.431250000000000022e-01
9.256250000000000311e-01 4.062500000000000139e-02 9.706249999999999600e-01
6.581249999999999600e-01 8.218750000000000222e-01 7.968750000000000000e-01
3.906250000000000000e-01 6.018750000000000488e-01 6.231250000000000400e-01
1.231249999999999983e-01 3.818750000000000200e-01 4.493750000000000244e-01
8.568750000000000533e-01 1.618749999999999911e-01 2.756250000000000089e-01
5.893749999999999822e-01 9.431249999999999911e-01 1.018749999999999933e-01
3.218750000000000222e-01 7.231250000000000178e-01 9.293749999999999512e-01
5.437499999999999972e-02 5.031250000000000444e-01 7.556249999999999911e-01
7.881249999999999645e-01 2.831250000000000155e-01 5.818750000000000311e-01
5.206250000000000044e-01 6.312500000000000056e-02 4.081250000000000155e-01
2.531249999999999889e-01 8.443749999999999867e-01 2.343750000000000000e-01
9.868749999999999467e-01 6.243750000000000133e-01 6.062499999999999833e-02
7.193749999999999867e-01 4.043749999999999845e-01 8.881250000000000533e-01
4.518750000000000266e-01 1.843750000000000111e-01 7.143749999999999822e-01
1.843750000000000111e-01 9.656249999999999556e-01 5.406250000000000222e-01
9.181249999999999689e-01 7.456249999999999822e-01 3.668750000000000067e-01
6.506250000000000089e-01 5.256250000000000089e-01 1.931249999999999911e-01
3.831249999999999933e-01 3.056249999999999800e-01 1.937499999999999986e-02
1.156250000000000056e-01 8.562500000000000666e-02 8.468750000000000444e-01
8.493749999999999911e-01 8.668749999999999512e-01 6.731249999999999734e-01
5.818750000000000311e-01 6.468749999999999778e-01 4.993750000000000133e-01
3.143750000000000155e-01 4.268750000000000044e-01 3.256249999999999978e-01
4.687500000000000000e-02 2.068750000000000033e-01 1.518750000000000100e-01
7.806250000000000133e-01 9.881250000000000311e-01 9.793749999999999956e-01
5.131250000000000533e-01 7.681249999999999467e-01 8.056250000000000355e-01
2.456250000000000100e-01 5.481249999999999734e-01 6.318749999999999645e-01
9.793749999999999956e-01 3.281250000000000000e-01 4.581250000000000044e-01
7.118750000000000355e-01 1.081249999999999989e-01 2.843749999999999889e-01
4.443750000000000200e-01 8.893750000000000266e-01 1.106250000000000011e-01
1.768750000000000044e-01 6.693750000000000533e-01 9.381249999999999867e-01
9.106250000000000178e-01 4.493750000000000244e-01 7.643750000000000266e-01
6.431249999999999467e-01 2.293749999999999956e-01 5.906249999999999556e-01
3.756249999999999867e-01 9.374999999999999653e-03 4.168749999999999956e-01
1.081249999999999989e-01 7.906250000000000222e-01 2.431250000000000078e-01
8.418750000000000400e-01 5.706250000000000488e-01 6.937500000000000611e-02
5.743749999999999689e-01 3.506250000000000200e-01 8.968749999999999778e-01
3.068750000000000089e-01 1.306249999999999911e-01 7.231250000000000178e-01
3.937500000000000028e-02 9.118749999999999911e-01 5.493749999999999467e-01
7.731249999999999512e-01 6.918750000000000178e-01 3.756249999999999867e-01
5.056249999999999911e-01 4.718749999999999889e-01 2.018749999999999989e-01
2.381250000000000033e-01 2.518750000000000155e-01 2.812500000000000069e-02
9.718750000000000444e-01 3.187500000000000056e-02 8.556249999999999689e-01
7.043749999999999734e-01 8.131249999999999867e-01 6.818750000000000089e-01
4.368750000000000133e-01 5.931250000000000133e-01 5.081250000000000488e-01
1.693749999999999978e-01 3.731249999999999845e-01 3.343749999999999778e-01
9.031249999999999556e-01 1.531250000000000111e-01 1.606249999999999900e-01
6.356249999999999956e-01 9.343749999999999556e-01 9.881250000000000311e-01
3.681249999999999800e-01 7.143749999999999822e-01 8.143749999999999600e-01
1.006250000000000061e-01 4.943750000000000089e-01 6.406250000000000000e-01
8.343749999999999778e-01 2.743749999999999800e-01 4.668749999999999845e-01
5.668750000000000178e-01 5.437499999999999972e-02 2.931250000000000244e-01
2.993750000000000022e-01 8.356249999999999512e-01 1.193749999999999950e-01
3.187500000000000056e-02 6.156249999999999778e-01 9.468750000000000222e-01
7.656250000000000000e-01 3.956250000000000044e-01 7.731249999999999512e-01
4.981249999999999845e-01 1.756250000000000033e-01 5.993749999999999911e-01
2.306249999999999967e-01 9.568750000000000311e-01 4.256249999999999756e-01
9.643749999999999822e-01 7.368749999999999467e-01 2.518750000000000155e-01
6.968750000000000222e-01 5.168749999999999734e-01 7.812500000000000000e-02
4.293750000000000067e-01 2.968750000000000000e-01 9.056250000000000133e-01
1.618749999999999911e-01 7.687499999999999889e-02 7.318750000000000533e-01
8.956250000000000044e-01 8.581250000000000266e-01 5.581249999999999822e-01
6.281250000000000444e-01 6.381250000000000533e-01 3.843750000000000222e-01
3.606249999999999734e-01 4.181250000000000244e-01 2.106250000000000067e-01
9.312499999999999944e-02 1.981249999999999956e-01 3.687499999999999806e-02
8.268750000000000266e-01 9.793749999999999956e-01 8.643750000000000044e-01
5.593749999999999556e-01 7.593750000000000222e-01 6.906250000000000444e-01
2.918749999999999956e-01 5.393750000000000488e-01 5.168749999999999734e-01
2.437500000000000083e-02 3.193750000000000200e-01 3.431250000000000133e-01
7.581250000000000488e-01 9.937500000000000500e-02 1.693749999999999978e-01
4.906249999999999778e-01 8.806249999999999911e-01 9.968749999999999556e-01
2.231249999999999900e-01 6.606250000000000178e-01 8.231249999999999956e-01
9.568750000000000311e-01 4.406249999999999889e-01 6.493750000000000355e-01
6.893749999999999600e-01 2.206249999999999878e-01 4.756250000000000200e-01
4.218750000000000000e-01 6.250000000000000130e-04 3.018750000000000044e-01
1.543750000000000122e-01 7.818749999999999867e-01 1.281249999999999889e-01
8.881250000000000533e-01 5.618750000000000133e-01 9.556249999999999467e-01
6.206249999999999822e-01 3.418749999999999845e-01 7.818749999999999867e-01
3.531250000000000222e-01 1.218749999999999972e-01 6.081250000000000266e-01
8.562500000000000666e-02 9.031249999999999556e-01 4.343750000000000111e-01
8.193749999999999645e-01 6.831249999999999822e-01 2.606249999999999956e-01
5.518750000000000044e-01 4.631250000000000089e-01 8.687499999999999389e-02
2.843749999999999889e-01 2.431250000000000078e-01 9.143750000000000488e-01
1.687500000000000111e-02 2.312499999999999972e-02 7.406249999999999778e-01
7.506249999999999867e-01 8.043749999999999512e-01 5.668750000000000178e-01
4.831250000000000266e-01 5.843749999999999778e-01 3.931250000000000022e-01
2.156250000000000111e-01 3.643750000000000044e-01 2.193749999999999867e-01
9.493749999999999689e-01 1.443750000000000033e-01 4.562499999999999889e-02
6.818750000000000089e-01 9.256250000000000311e-01 8.731250000000000400e-01
4.143749999999999933e-01 7.056249999999999467e-01 6.993749999999999689e-01
1.468750000000000056e-01 4.856249999999999734e-01 5.256250000000000089e-01
8.806249999999999911e-01 2.656250000000000000e-01 3.518749999999999933e-01
6.131250000000000311e-01 4.562499999999999889e-02 1.781250000000000056e-01
3.456250000000000155e-01 8.268750000000000266e-01 4.375000000000000416e-03
7.812500000000000000e-02 6.068750000000000533e-01 8.318750000000000311e-01
8.118750000000000133e-01 3.868750000000000244e-01 6.581249999999999600e-01
5.443750000000000533e-01 1.668749999999999956e-01 4.843750000000000000e-01
2.768749999999999822e-01 9.481249999999999956e-01 3.106249999999999845e-01
9.374999999999999653e-03 7.281250000000000222e-01 1.368749999999999967e-01
7.431250000000000355e-01 5.081250000000000488e-01 9.643749999999999822e-01
4.756250000000000200e-01 2.881250000000000200e-01 7.906250000000000222e-01
2.081250000000000044e-01 6.812500000000000500e-02 6.168749999999999512e-01
9.418750000000000178e-01 8.493749999999999911e-01 4.431249999999999911e-01
6.743749999999999467e-01 6.293750000000000178e-01 2.693749999999999756e-01
4.068749999999999867e-01 4.093749999999999889e-01 9.562500000000000167e-02
1.393749999999999989e-01 1.893749999999999878e-01 9.231249999999999734e-01
8.731250000000000400e-01 9.706249999999999600e-01 7.493750000000000133e-01
6.056249999999999689e-01 7.506249999999999867e-01 5.756250000000000533e-01
3.381250000000000089e-01 5.306250000000000133e-01 4.018749999999999822e-01
7.062499999999999334e-02 3.106249999999999845e-01 2.281249999999999944e-01
8.043749999999999512e-01 9.062499999999999722e-02 5.437499999999999972e-02
5.368749999999999911e-01 8.718749999999999556e-01 8.818749999999999645e-01
2.693749999999999756e-01 6.518749999999999822e-01 7.081250000000000044e-01
1.874999999999999931e-03 4.318750000000000089e-01 5.343750000000000444e-01
7.356249999999999734e-01 2.118750000000000078e-01 3.606249999999999734e-01
4.681250000000000133e-01 9.931250000000000355e-01 1.868750000000000133e-01
2.006249999999999978e-01 7.731249999999999512e-01 1.312499999999999951e-02
9.343749999999999556e-01 5.531249999999999778e-01 8.406249999999999556e-01
6.668749999999999956e-01 3.331250000000000044e-01 6.668749999999999956e-01
3.993749999999999800e-01 1.131250000000000033e-01 4.931249999999999800e-01
1.318749999999999922e-01 8.943750000000000311e-01 3.193750000000000200e-01
8.656249999999999778e-01 6.743749999999999467e-01 1.456250000000000044e-01
5.981250000000000178e-01 4.543749999999999734e-01 9.731250000000000178e-01
3.306250000000000022e-01 2.343750000000000000e-01 7.993749999999999467e-01
6.312500000000000056e-02 1.437500000000000062e-02 6.256249999999999867e-01
7.968750000000000000e-01 7.956250000000000266e-01 4.518750000000000266e-01
5.293750000000000400e-01 5.756250000000000533e-01 2.781250000000000111e-01
2.618750000000000244e-01 3.556250000000000244e-01 1.043749999999999956e-01
9.956249999999999822e-01 1.356249999999999956e-01 9.318750000000000089e-01
7.281250000000000222e-01 9.168749999999999956e-01 7.581250000000000488e-01
4.606250000000000067e-01 6.968750000000000222e-01 5.843749999999999778e-01
1.931249999999999911e-01 4.768749999999999933e-01 4.106250000000000178e-01
9.268750000000000044e-01 2.568750000000000200e-01 2.368750000000000022e-01
6.593750000000000444e-01 3.687499999999999806e-02 6.312500000000000056e-02
3.918749999999999734e-01 8.181249999999999911e-01 8.906250000000000000e-01
1.243749999999999994e-01 5.981250000000000178e-01 7.168750000000000400e-01
8.581250000000000266e-01 3.781249999999999889e-01 5.431249999999999689e-01
5.906249999999999556e-01 1.581249999999999878e-01 3.693750000000000089e-01
3.231249999999999956e-01 9.393749999999999600e-01 1.956249999999999933e-01
5.562500000000000083e-02 7.193749999999999867e-01 2.187499999999999861e-02
7.893750000000000488e-01 4.993750000000000133e-01 8.493749999999999911e-01
5.218749999999999778e-01 2.793749999999999845e-01 6.756250000000000311e-01
2.543750000000000178e-01 5.937499999999999722e-02 5.018749999999999600e-01
9.881250000000000311e-01 8.406249999999999556e-01 3.281250000000000000e-01
7.206249999999999600e-01 6.206249999999999822e-01 1.543750000000000122e-01
4.531250000000000000e-01 4.006250000000000089e-01 9.818750000000000533e-01
1.856250000000000122e-01 1.806250000000000078e-01 8.081249999999999822e-01
9.193750000000000533e-01 9.618750000000000355e-01 6.343750000000000222e-01
6.518749999999999822e-01 7.418749999999999512e-01 4.606250000000000067e-01
3.843750000000000222e-01 5.218749999999999778e-01 2.868749999999999911e-01
1.168750000000000067e-01 3.018750000000000044e-01 1.131250000000000033e-01
8.506249999999999645e-01 8.187500000000000333e-02 9.406250000000000444e-01
5.831250000000000044e-01 8.631250000000000311e-01 7.668749999999999734e-01
3.156249999999999889e-01 6.431249999999999467e-01 5.931250000000000133e-01
4.812500000000000111e-02 4.231249999999999734e-01 4.193749999999999978e-01
7.818749999999999867e-01 2.031250000000000000e-01 2.456250000000000100e-01
5.143750000000000266e-01 9.843750000000000000e-01 7.187499999999999445e-02
2.468750000000000111e-01 7.643750000000000266e-01 8.993750000000000355e-01
9.806249999999999689e-01 5.443750000000000533e-01 7.256249999999999645e-01
7.131250000000000089e-01 3.243750000000000244e-01 5.518750000000000044e-01
4.456249999999999933e-01 1.043749999999999956e-01 3.781249999999999889e-01
1.781250000000000056e-01 8.856249999999999956e-01 2.043750000000000011e-01
9.118749999999999911e-01 6.656250000000000222e-01 3.062499999999999944e-02
6.443750000000000311e-01 4.456249999999999933e-01 8.581250000000000266e-01
3.768750000000000155e-01 2.256249999999999922e-01 6.843749999999999556e-01
1.093750000000000000e-01 5.624999999999999792e-03 5.106249999999999956e-01
8.431250000000000133e-01 7.868749999999999911e-01 3.368749999999999800e-01
5.756250000000000533e-01 5.668750000000000178e-01 1.631249999999999922e-01
3.081249999999999822e-01 3.468749999999999889e-01 9.906249999999999778e-01
4.062500000000000139e-02 1.268749999999999878e-01 8.168750000000000178e-01
7.743750000000000355e-01 9.081249999999999600e-01 6.431249999999999467e-01
5.068749999999999645e-01 6.881249999999999867e-01 4.693749999999999867e-01
2.393750000000000044e-01 4.681250000000000133e-01 2.956250000000000266e-01
9.731250000000000178e-01 2.481250000000000122e-01 1.218749999999999972e-01
7.056249999999999467e-01 2.812500000000000069e-02 9.493749999999999689e-01
4.381249999999999867e-01 8.093749999999999556e-01 7.756250000000000089e-01
1.706249999999999989e-01 5.893749999999999822e-01 6.018750000000000488e-01
9.043750000000000400e-01 3.693750000000000089e-01 4.281249999999999778e-01
6.368749999999999689e-01 1.493750000000000078e-01 2.543750000000000178e-01
3.693750000000000089e-01 9.306250000000000355e-01 8.062500000000000222e-02
1.018749999999999933e-01 7.106249999999999512e-01 9.081249999999999600e-01
8.356249999999999512e-01 4.906249999999999778e-01 7.343750000000000000e-01
5.681249999999999911e-01 2.706250000000000044e-01 5.606250000000000400e-01
3.006249999999999756e-01 5.062500000000000333e-02 3.868750000000000244e-01
3.312500000000000167e-02 8.318750000000000311e-01 2.131250000000000089e-01
7.668749999999999734e-01 6.118749999999999467e-01 3.937500000000000028e-02
4.993750000000000133e-01 3.918749999999999734e-01 8.668749999999999512e-01
2.318749999999999978e-01 1.718750000000000000e-01 6.931249999999999911e-01
9.656249999999999556e-01 9.531250000000000000e-01 5.193750000000000311e-01
6.981249999999999956e-01 7.331250000000000266e-01 3.456250000000000155e-01
4.306249999999999800e-01 5.131250000000000533e-01 1.718750000000000000e-01
1.631249999999999922e-01 2.931250000000000244e-01 9.993750000000000133e-01
8.968749999999999778e-01 7.312499999999999556e-02 8.256250000000000533e-01
6.293750000000000178e-01 8.543749999999999956e-01 6.518749999999999822e-01
3.618750000000000022e-01 6.343750000000000222e-01 4.781250000000000222e-01
9.437500000000000056e-02 4.143749999999999933e-01 3.043750000000000067e-01
8.281250000000000000e-01 1.943749999999999922e-01 1.306249999999999911e-01
5.606250000000000400e-01 9.756249999999999645e-01 9.581250000000000044e-01
2.931250000000000244e-01 7.556249999999999911e-01 7.843750000000000444e-01
2.562499999999999847e-02 5.356250000000000178e-01 6.106249999999999734e-01
7.593750000000000222e-01 3.156249999999999889e-01 4.368750000000000133e-01
4.918750000000000067e-01 9.562500000000000167e-02 2.631249999999999978e-01
2.243749999999999911e-01 8.768749999999999600e-01 8.937499999999999611e-02
9.581250000000000044e-01 6.568749999999999867e-01 9.168749999999999956e-01
6.906250000000000444e-01 4.368750000000000133e-01 7.431250000000000355e-01
4.231249999999999734e-01 2.168750000000000122e-01 5.693749999999999645e-01
1.556250000000000133e-01 9.981250000000000400e-01 3.956250000000000044e-01
8.893750000000000266e-01 7.781249999999999556e-01 2.218749999999999889e-01
6.218749999999999556e-01 5.581249999999999822e-01 4.812500000000000111e-02
3.543749999999999956e-01 3.381250000000000089e-01 8.756249999999999867e-01
8.687499999999999389e-02 1.181249999999999939e-01 7.018750000000000266e-01
8.206250000000000488e-01 8.993750000000000355e-01 5.281249999999999556e-01
5.531249999999999778e-01 6.793749999999999512e-01 3.543749999999999956e-01
2.856250000000000178e-01 4.593749999999999778e-01 1.806250000000000078e-01
1.812499999999999875e-02 2.393750000000000044e-01 6.875000000000000035e-03
7.518749999999999600e-01 1.937499999999999986e-02 8.343749999999999778e-01
4.843750000000000000e-01 8.006250000000000311e-01 6.606250000000000178e-01
2.168750000000000122e-01 5.806249999999999467e-01 4.868750000000000022e-01
9.506250000000000533e-01 3.606249999999999734e-01 3.131249999999999867e-01
6.831249999999999822e-01 1.406250000000000000e-01 1.393749999999999989e-01
4.156250000000000222e-01 9.218750000000000000e-01 9.668750000000000400e-01
1.481250000000000067e-01 7.018750000000000266e-01 7.931249999999999689e-01
8.818749999999999645e-01 4.818749999999999978e-01 6.193750000000000089e-01
6.143750000000000044e-01 2.618750000000000244e-01 4.456249999999999933e-01
3.468749999999999889e-01 4.187500000000000250e-02 2.718749999999999778e-01
7.937500000000000111e-02 8.231249999999999956e-01 9.812500000000000389e-02
8.131249999999999867e-01 6.031250000000000222e-01 9.256250000000000311e-01
5.456250000000000266e-01 3.831249999999999933e-01 7.518749999999999600e-01
2.781250000000000111e-01 1.631249999999999922e-01 5.781250000000000000e-01
1.062500000000000076e-02 9.443749999999999645e-01 4.043749999999999845e-01
7.443750000000000089e-01 7.243749999999999911e-01 2.306249999999999967e-01
4.768749999999999933e-01 5.043750000000000178e-01 5.687500000000000194e-02
2.093750000000000056e-01 2.843749999999999889e-01 8.843750000000000222e-01
9.431249999999999911e-01 6.437500000000000167e-02 7.106249999999999512e-01
6.756250000000000311e-01 8.456249999999999600e-01 5.368749999999999911e-01
4.081250000000000155e-01 6.256249999999999867e-01 3.631249999999999756e-01
1.406250000000000000e-01 4.056250000000000133e-01 1.893749999999999878e-01
8.743750000000000133e-01 1.856250000000000122e-01 1.562500000000000000e-02
6.068750000000000533e-01 9.668750000000000400e-01 8.431250000000000133e-01
3.393749999999999822e-01 7.468749999999999556e-01 6.693750000000000533e-01
7.187499999999999445e-02 5.268749999999999822e-01 4.956249999999999822e-01
8.056250000000000355e-01 3.068750000000000089e-01 3.218750000000000222e-01
5.381249999999999645e-01 8.687499999999999389e-02 1.481250000000000067e-01
2.706250000000000044e-01 8.681250000000000355e-01 9.756249999999999645e-01
3.125000000000000173e-03 6.481249999999999512e-01 8.018750000000000044e-01
7.368749999999999467e-01 4.281249999999999778e-01 6.281250000000000444e-01
4.693749999999999867e-01 2.081250000000000044e-01 4.543749999999999734e-01
2.018749999999999989e-01 9.893750000000000044e-01 2.806250000000000133e-01
9.356250000000000400e-01 7.693750000000000311e-01 1.068749999999999978e-01
6.681249999999999689e-01 5.493749999999999467e-01 9.343749999999999556e-01
4.006250000000000089e-01 3.293749999999999734e-01 7.606249999999999956e-01
1.331249999999999933e-01 1.093750000000000000e-01 5.868750000000000355e-01
8.668749999999999512e-01 8.906250000000000000e-01 4.131250000000000200e-01
5.993749999999999911e-01 6.706250000000000266e-01 2.393750000000000044e-01
3.318749999999999756e-01 4.506249999999999978e-01 6.562500000000000278e-02
6.437500000000000167e-02 2.306249999999999967e-01 8.931249999999999467e-01
7.981249999999999734e-01 1.062500000000000076e-02 7.193749999999999867e-01
5.306250000000000133e-01 7.918749999999999956e-01 5.456250000000000266e-01
2.631249999999999978e-01 5.718750000000000222e-01 3.718750000000000111e-01
9.968749999999999556e-01 3.518749999999999933e-01 1.981249999999999956e-01
7.293749999999999956e-01 1.318749999999999922e-01 2.437500000000000083e-02
4.618749999999999800e-01 9.131249999999999645e-01 8.518750000000000488e-01
1.943749999999999922e-01 6.931249999999999911e-01 6.781249999999999778e-01
9.281249999999999778e-01 4.731250000000000178e-01 5.043750000000000178e-01
6.606250000000000178e-01 2.531249999999999889e-01 3.306250000000000022e-01
3.931250000000000022e-01 3.312500000000000167e-02 1.568749999999999867e-01
1.256249999999999867e-01 8.143749999999999600e-01 9.843750000000000000e-01
8.593750000000000000e-01 5.943749999999999867e-01 8.106250000000000400e-01
5.918750000000000400e-01 3.743750000000000133e-01 6.368749999999999689e-01
3.243750000000000244e-01 1.543750000000000122e-01 4.631250000000000089e-01
5.687500000000000194e-02 9.356250000000000400e-01 2.893749999999999933e-01
7.906250000000000222e-01 7.156249999999999556e-01 1.156250000000000056e-01
5.231249999999999512e-01 4.956249999999999822e-01 9.431249999999999911e-01
2.556249999999999911e-01 2.756250000000000089e-01 7.693750000000000311e-01
9.893750000000000044e-01 5.562500000000000083e-02 5.956249999999999600e-01
7.218750000000000444e-01 8.368750000000000355e-01 4.218750000000000000e-01
4.543749999999999734e-01 6.168749999999999512e-01 2.481250000000000122e-01
1.868750000000000133e-01 3.968749999999999778e-01 7.437499999999999667e-02
9.206250000000000266e-01 1.768750000000000044e-01 9.018749999999999822e-01
6.531249999999999556e-01 9.581250000000000044e-01 7.281250000000000222e-01
3.856249999999999956e-01 7.381250000000000311e-01 5.543749999999999512e-01
1.181249999999999939e-01 5.181249999999999467e-01 3.806249999999999911e-01
8.518750000000000488e-01 2.981249999999999734e-01 2.068750000000000033e-01
5.843749999999999778e-01 7.812500000000000000e-02 3.312500000000000167e-02
3.168750000000000178e-01 8.593750000000000000e-01 8.606249999999999734e-01
4.937500000000000222e-02 6.393750000000000266e-01 6.868750000000000133e-01
7.831249999999999600e-01 4.193749999999999978e-01 5.131250000000000533e-01
5.156250000000000000e-01 1.993749999999999967e-01 3.393749999999999822e-01
2.481250000000000122e-01 9.806249999999999689e-01 1.656249999999999944e-01
9.818750000000000533e-01 7.606249999999999956e-01 9.931250000000000355e-01
7.143749999999999822e-01 5.406250000000000222e-01 8.193749999999999645e-01
4.468750000000000222e-01 3.206249999999999933e-01 6.456250000000000044e-01
1.793750000000000067e-01 1.006250000000000061e-01 4.718749999999999889e-01
9.131249999999999645e-01 8.818749999999999645e-01 2.981249999999999734e-01
6.456250000000000044e-01 6.618749999999999911e-01 1.243749999999999994e-01
3.781249999999999889e-01 4.418750000000000178e-01 9.518750000000000266e-01
1.106250000000000011e-01 2.218749999999999889e-01 7.781249999999999556e-01
8.443749999999999867e-01 1.874999999999999931e-03 6.043749999999999956e-01
5.768750000000000266e-01 7.831249999999999600e-01 4.306249999999999800e-01
3.093750000000000111e-01 5.631249999999999867e-01 2.568750000000000200e-01
4.187500000000000250e-02 3.431250000000000133e-01 8.312500000000000444e-02
7.756250000000000089e-01 1.231249999999999983e-01 9.106250000000000178e-01
5.081250000000000488e-01 9.043750000000000400e-01 7.368749999999999467e-01
2.406250000000000056e-01 6.843749999999999556e-01 5.631249999999999867e-01
9.743749999999999911e-01 4.643749999999999822e-01 3.893750000000000266e-01
7.068750000000000311e-01 2.443750000000000089e-01 2.156250000000000111e-01
4.393750000000000155e-01 2.437500000000000083e-02 4.187500000000000250e-02
1.718750000000000000e-01 8.056250000000000355e-01 8.693750000000000089e-01
9.056250000000000133e-01 5.856249999999999512e-01 6.956250000000000488e-01
6.381250000000000533e-01 3.656249999999999778e-01 5.218749999999999778e-01
3.706249999999999822e-01 1.456250000000000044e-01 3.481250000000000178e-01
1.031249999999999944e-01 9.268750000000000044e-01 1.743750000000000022e-01
8.368750000000000355e-01 7.068750000000000311e-01 6.250000000000000130e-04
5.693749999999999645e-01 4.868750000000000022e-01 8.281250000000000000e-01
3.018750000000000044e-01 2.668749999999999734e-01 6.543750000000000400e-01
3.437500000000000278e-02 4.687500000000000000e-02 4.806250000000000244e-01
7.681249999999999467e-01 8.281250000000000000e-01 3.068750000000000089e-01
5.006249999999999867e-01 6.081250000000000266e-01 1.331249999999999933e-01
2.331249999999999989e-01 3.881249999999999978e-01 9.606249999999999512e-01
9.668750000000000400e-01 1.681249999999999967e-01 7.868749999999999911e-01
6.993749999999999689e-01 9.493749999999999689e-01 6.131250000000000311e-01
4.318750000000000089e-01 7.293749999999999956e-01 4.393750000000000155e-01
1.643749999999999933e-01 5.093750000000000222e-01 2.656250000000000000e-01
8.981249999999999512e-01 2.893749999999999933e-01 9.187499999999999833e-02
6.306249999999999911e-01 6.937500000000000611e-02 9.193750000000000533e-01
3.631249999999999756e-01 8.506249999999999645e-01 7.456249999999999822e-01
9.562500000000000167e-02 6.306249999999999911e-01 5.718750000000000222e-01
8.293749999999999734e-01 4.106250000000000178e-01 3.981250000000000067e-01
5.618750000000000133e-01 1.906249999999999889e-01 2.243749999999999911e-01
2.943749999999999978e-01 9.718750000000000444e-01 5.062500000000000333e-02
2.687499999999999958e-02 7.518749999999999600e-01 8.781250000000000444e-01
7.606249999999999956e-01 5.318749999999999867e-01 7.043749999999999734e-01
4.931249999999999800e-01 3.118750000000000133e-01 5.306250000000000133e-01
2.256249999999999922e-01 9.187499999999999833e-02 3.568749999999999978e-01
9.593749999999999778e-01 8.731250000000000400e-01 1.831250000000000100e-01
6.918750000000000178e-01 6.531249999999999556e-01 9.374999999999999653e-03
4.243750000000000022e-01 4.331249999999999822e-01 8.368750000000000355e-01
1.568749999999999867e-01 2.131250000000000089e-01 6.631249999999999645e-01
8.906250000000000000e-01 9.943750000000000089e-01 4.893750000000000044e-01
6.231250000000000400e-01 7.743750000000000355e-01 3.156249999999999889e-01
3.556250000000000244e-01 5.543749999999999512e-01 1.418750000000000011e-01
8.812499999999999500e-02 3.343749999999999778e-01 9.693749999999999867e-01
8.218750000000000222e-01 1.143750000000000044e-01 7.956250000000000266e-01
5.543749999999999512e-01 8.956250000000000044e-01 6.218749999999999556e-01
2.868749999999999911e-01 6.756250000000000311e-01 4.481249999999999956e-01
1.937499999999999986e-02 4.556250000000000022e-01 2.743749999999999800e-01
7.531250000000000444e-01 2.356250000000000011e-01 1.006250000000000061e-01
4.856249999999999734e-01 1.562500000000000000e-02 9.281249999999999778e-01
2.181250000000000133e-01 7.968750000000000000e-01 7.543750000000000178e-01
9.518750000000000266e-01 5.768750000000000266e-01 5.806249999999999467e-01
6.843749999999999556e-01 3.568749999999999978e-01 4.068749999999999867e-01
4.168749999999999956e-01 1.368749999999999967e-01 2.331249999999999989e-01
1.493750000000000078e-01 9.181249999999999689e-01 5.937499999999999722e-02
8.831250000000000488e-01 6.981249999999999956e-01 8.868749999999999689e-01
6.156249999999999778e-01 4.781250000000000222e-01 7.131250000000000089e-01
3.481250000000000178e-01 2.581249999999999933e-01 5.393750000000000488e-01
8.062500000000000222e-02 3.812499999999999917e-02 3.656249999999999778e-01
8.143749999999999600e-01 8.193749999999999645e-01 1.918749999999999900e-01
5.468750000000000000e-01 5.993749999999999911e-01 1.812499999999999875e-02
2.793749999999999845e-01 3.793750000000000178e-01 8.456249999999999600e-01
1.187500000000000014e-02 1.593749999999999889e-01 6.718750000000000000e-01
7.456249999999999822e-01 9.406250000000000444e-01 4.981249999999999845e-01
4.781250000000000222e-01 7.206249999999999600e-01 3.243750000000000244e-01
2.106250000000000067e-01 5.006249999999999867e-01 1.506250000000000089e-01
9.443749999999999645e-01 2.806250000000000133e-01 9.781250000000000222e-01
6.768750000000000044e-01 6.062499999999999833e-02 8.043749999999999512e-01
4.093749999999999889e-01 8.418750000000000400e-01 6.306249999999999911e-01
1.418750000000000011e-01 6.218749999999999556e-01 4.568749999999999756e-01
8.756249999999999867e-01 4.018749999999999822e-01 2.831250000000000155e-01
6.081250000000000266e-01 1.818750000000000089e-01 1.093750000000000000e-01
3.406250000000000111e-01 9.631250000000000089e-01 9.368750000000000133e-01
7.312499999999999556e-02 7.431250000000000355e-01 7.631250000000000533e-01
8.068750000000000089e-01 5.231249999999999512e-01 5.893749999999999822e-01
5.393750000000000488e-01 3.031249999999999778e-01 4.156250000000000222e-01
2.718749999999999778e-01 8.312500000000000444e-02 2.418750000000000067e-01
4.375000000000000416e-03 8.643750000000000044e-01 6.812500000000000500e-02
7.381250000000000311e-01 6.443750000000000311e-01 8.956250000000000044e-01
4.706250000000000155e-01 4.243750000000000022e-01 7.218750000000000444e-01
2.031250000000000000e-01 2.043750000000000011e-01 5.481249999999999734e-01
9.368750000000000133e-01 9.856249999999999734e-01 3.743750000000000133e-01
6.693750000000000533e-01 7.656250000000000000e-01 2.006249999999999978e-01
4.018749999999999822e-01 5.456250000000000266e-01 2.687499999999999958e-02
1.343749999999999944e-01 3.256249999999999978e-01 8.543749999999999956e-01
8.681250000000000355e-01 1.056249999999999967e-01 6.806250000000000355e-01
6.006249999999999645e-01 8.868749999999999689e-01 5.068749999999999645e-01
3.331250000000000044e-01 6.668749999999999956e-01 3.331250000000000044e-01
6.562500000000000278e-02 4.468750000000000222e-01 1.593749999999999889e-01
7.993749999999999467e-01 2.268749999999999933e-01 9.868749999999999467e-01
5.318749999999999867e-01 6.875000000000000035e-03 8.131249999999999867e-01
2.643750000000000266e-01 7.881249999999999645e-01 6.393750000000000266e-01
9.981250000000000400e-01 5.681249999999999911e-01 4.656250000000000111e-01
7.306249999999999689e-01 3.481250000000000178e-01 2.918749999999999956e-01
4.631250000000000089e-01 1.281249999999999889e-01 1.181249999999999939e-01
1.956249999999999933e-01 9.093750000000000444e-01 9.456250000000000488e-01
9.293749999999999512e-01 6.893749999999999600e-01 7.718749999999999778e-01
6.618749999999999911e-01 4.693749999999999867e-01 5.981250000000000178e-01
3.943749999999999756e-01 2.493750000000000133e-01 4.243750000000000022e-01
1.268749999999999878e-01 2.937499999999999833e-02 2.506249999999999867e-01
8.606249999999999734e-01 8.106250000000000400e-01 7.687499999999999889e-02
5.931250000000000133e-01 5.906249999999999556e-01 9.043750000000000400e-01
3.256249999999999978e-01 3.706249999999999822e-01 7.306249999999999689e-01
5.812500000000000305e-02 1.506250000000000089e-01 5.568750000000000089e-01
7.918749999999999956e-01 9.318750000000000089e-01 3.831249999999999933e-01
5.243750000000000355e-01 7.118750000000000355e-01 2.093750000000000056e-01
2.568750000000000200e-01 4.918750000000000067e-01 3.562499999999999695e-02
9.906249999999999778e-01 2.718749999999999778e-01 8.631250000000000311e-01
7.231250000000000178e-01 5.187499999999999750e-02 6.893749999999999600e-01
4.556250000000000022e-01 8.331250000000000044e-01 5.156250000000000000e-01
1.881249999999999867e-01 6.131250000000000311e-01 3.418749999999999845e-01
9.218750000000000000e-01 3.931250000000000022e-01 1.681249999999999967e-01
6.543750000000000400e-01 1.731250000000000011e-01 9.956249999999999822e-01
3.868750000000000244e-01 9.543749999999999734e-01 8.218750000000000222e-01
1.193749999999999950e-01 7.343750000000000000e-01 6.481249999999999512e-01
8.531250000000000222e-01 5.143750000000000266e-01 4.743749999999999911e-01
5.856249999999999512e-01 2.943749999999999978e-01 3.006249999999999756e-01
3.181249999999999911e-01 7.437499999999999667e-02 1.268749999999999878e-01
5.062500000000000333e-02 8.556249999999999689e-01 9.543749999999999734e-01
7.843750000000000444e-01 6.356249999999999956e-01 7.806250000000000133e-01
5.168749999999999734e-01 4.156250000000000222e-01 6.068750000000000533e-01
2.493750000000000133e-01 1.956249999999999933e-01 4.331249999999999822e-01
9.831250000000000266e-01 9.768750000000000488e-01 2.593750000000000222e-01
7.156249999999999556e-01 7.568749999999999645e-01 8.562500000000000666e-02
4.481249999999999956e-01 5.368749999999999911e-01 9.131249999999999645e-01
1.806250000000000078e-01 3.168750000000000178e-01 7.393750000000000044e-01
9.143750000000000488e-01 9.687500000000000278e-02 5.656250000000000444e-01
6.468749999999999778e-01 8.781250000000000444e-01 3.918749999999999734e-01
3.793750000000000178e-01 6.581249999999999600e-01 2.181250000000000133e-01
1.118750000000000022e-01 4.381249999999999867e-01 4.437499999999999778e-02
8.456249999999999600e-01 2.181250000000000133e-01 8.718749999999999556e-01
5.781250000000000000e-01 9.993750000000000133e-01 6.981249999999999956e-01
3.106249999999999845e-01 7.793750000000000400e-01 5.243750000000000355e-01
4.312499999999999667e-02 5.593749999999999556e-01 3.506250000000000200e-01
7.768749999999999822e-01 3.393749999999999822e-01 1.768750000000000044e-01
5.093750000000000222e-01 1.193749999999999950e-01 3.125000000000000173e-03
2.418750000000000067e-01 9.006250000000000089e-01 8.306249999999999467e-01
9.756249999999999645e-01 6.806250000000000355e-01 6.568749999999999867e-01
7.081250000000000044e-01 4.606250000000000067e-01 4.831250000000000266e-01
4.406249999999999889e-01 2.406250000000000056e-01 3.093750000000000111e-01
1.731250000000000011e-01 2.062500000000000097e-02 1.356249999999999956e-01
9.068749999999999867e-01 8.018750000000000044e-01 9.631250000000000089e-01
6.393750000000000266e-01 5.818750000000000311e-01 7.893750000000000488e-01
3.718750000000000111e-01 3.618750000000000022e-01 6.156249999999999778e-01
1.043749999999999956e-01 1.418750000000000011e-01 4.418750000000000178e-01
8.381250000000000089e-01 9.231249999999999734e-01 2.681250000000000022e-01
5.706250000000000488e-01 7.031250000000000000e-01 9.437500000000000056e-02
3.031249999999999778e-01 4.831250000000000266e-01 9.218750000000000000e-01
3.562499999999999695e-02 2.631249999999999978e-01 7.481250000000000400e-01
7.693750000000000311e-01 4.312499999999999667e-02 5.743749999999999689e-01
5.018749999999999600e-01 8.243749999999999689e-01 4.006250000000000089e-01
2.343750000000000000e-01 6.043749999999999956e-01 2.268749999999999933e-01
9.681250000000000133e-01 3.843750000000000222e-01 5.312499999999999861e-02
7.006250000000000533e-01 1.643749999999999933e-01 8.806249999999999911e-01
4.331249999999999822e-01 9.456250000000000488e-01 7.068750000000000311e-01
1.656249999999999944e-01 7.256249999999999645e-01 5.331249999999999600e-01
8.993750000000000355e-01 5.056249999999999911e-01 3.593750000000000000e-01
6.318749999999999645e-01 2.856250000000000178e-01 1.856250000000000122e-01
3.643750000000000044e-01 6.562500000000000278e-02 1.187500000000000014e-02
9.687500000000000278e-02 8.468750000000000444e-01 8.393749999999999822e-01
8.306249999999999467e-01 6.268749999999999600e-01 6.656250000000000222e-01
5.631249999999999867e-01 4.068749999999999867e-01 4.918750000000000067e-01
2.956250000000000266e-01 1.868750000000000133e-01 3.181249999999999911e-01
2.812500000000000069e-02 9.681250000000000133e-01 1.443750000000000033e-01
7.618749999999999689e-01 7.481250000000000400e-01 9.718750000000000444e-01
4.943750000000000089e-01 5.281249999999999556e-01 7.981249999999999734e-01
2.268749999999999933e-01 3.081249999999999822e-01 6.243750000000000133e-01
9.606249999999999512e-01 8.812499999999999500e-02 4.506249999999999978e-01
6.931249999999999911e-01 8.693750000000000089e-01 2.768749999999999822e-01
4.256249999999999756e-01 6.493750000000000355e-01 1.031249999999999944e-01
1.581249999999999878e-01 4.293750000000000067e-01 9.306250000000000355e-01
8.918749999999999734e-01 2.093750000000000056e-01 7.568749999999999645e-01
6.243750000000000133e-01 9.906249999999999778e-01 5.831250000000000044e-01
3.568749999999999978e-01 7.706250000000000044e-01 4.093749999999999889e-01
8.937499999999999611e-02 5.506250000000000311e-01 2.356250000000000011e-01
8.231249999999999956e-01 3.306250000000000022e-01 6.187499999999999944e-02
5.556250000000000355e-01 1.106250000000000011e-01 8.893750000000000266e-01
2.881250000000000200e-01 8.918749999999999734e-01 7.156249999999999556e-01
2.062500000000000097e-02 6.718750000000000000e-01 5.418749999999999956e-01
7.543750000000000178e-01 4.518750000000000266e-01 3.681249999999999800e-01
4.868750000000000022e-01 2.318749999999999978e-01 1.943749999999999922e-01
2.193749999999999867e-01 1.187500000000000014e-02 2.062500000000000097e-02
9.531250000000000000e-01 7.931249999999999689e-01 8.481250000000000178e-01
6.856250000000000400e-01 5.731249999999999956e-01 6.743749999999999467e-01
4.181250000000000244e-01 3.531250000000000222e-01 5.006249999999999867e-01
1.506250000000000089e-01 1.331249999999999933e-01 3.268750000000000266e-01
8.843750000000000222e-01 9.143750000000000488e-01 1.531250000000000111e-01
6.168749999999999512e-01 6.943749999999999645e-01 9.806249999999999689e-01
3.493749999999999911e-01 4.743749999999999911e-01 8.068750000000000089e-01
8.187500000000000333e-02 2.543750000000000178e-01 6.331250000000000488e-01
8.156250000000000444e-01 3.437500000000000278e-02 4.593749999999999778e-01
5.481249999999999734e-01 8.156250000000000444e-01 2.856250000000000178e-01
2.806250000000000133e-01 5.956249999999999600e-01 1.118750000000000022e-01
1.312499999999999951e-02 3.756249999999999867e-01 9.393749999999999600e-01
7.468749999999999556e-01 1.556250000000000133e-01 7.656250000000000000e-01
4.793749999999999956e-01 9.368750000000000133e-01 5.918750000000000400e-01
2.118750000000000078e-01 7.168750000000000400e-01 4.181250000000000244e-01
9.456250000000000488e-01 4.968750000000000111e-01 2.443750000000000089e-01
6.781249999999999778e-01 2.768749999999999822e-01 7.062499999999999334e-02
4.106250000000000178e-01 5.687500000000000194e-02 8.981249999999999512e-01
1.431250000000000022e-01 8.381250000000000089e-01 7.243749999999999911e-01
8.768749999999999600e-01 6.181250000000000355e-01 5.506250000000000311e-01
6.093750000000000000e-01 3.981250000000000067e-01 3.768750000000000155e-01
3.418749999999999845e-01 1.781250000000000056e-01 2.031250000000000000e-01
7.437499999999999667e-02 9.593749999999999778e-01 2.937499999999999833e-02
8.081249999999999822e-01 7.393750000000000044e-01 8.568750000000000533e-01
5.406250000000000222e-01 5.193750000000000311e-01 6.831249999999999822e-01
2.731250000000000067e-01 2.993750000000000022e-01 5.093750000000000222e-01
5.624999999999999792e-03 7.937500000000000111e-02 3.356250000000000067e-01
7.393750000000000044e-01 8.606249999999999734e-01 1.618749999999999911e-01
4.718749999999999889e-01 6.406250000000000000e-01 9.893750000000000044e-01
2.043750000000000011e-01 4.206250000000000266e-01 8.156250000000000444e-01
9.381249999999999867e-01 2.006249999999999978e-01 6.418749999999999734e-01
6.706250000000000266e-01 9.818750000000000533e-01 4.681250000000000133e-01
4.031250000000000111e-01 7.618749999999999689e-01 2.943749999999999978e-01
1.356249999999999956e-01 5.418749999999999956e-01 1.206249999999999961e-01
8.693750000000000089e-01 3.218750000000000222e-01 9.481249999999999956e-01
6.018750000000000488e-01 1.018749999999999933e-01 7.743750000000000355e-01
3.343749999999999778e-01 8.831250000000000488e-01 6.006249999999999645e-01
6.687500000000000389e-02 6.631249999999999645e-01 4.268750000000000044e-01
8.006250000000000311e-01 4.431249999999999911e-01 2.531249999999999889e-01
5.331249999999999600e-01 2.231249999999999900e-01 7.937500000000000111e-02
2.656250000000000000e-01 3.125000000000000173e-03 9.068749999999999867e-01
9.993750000000000133e-01 7.843750000000000444e-01 7.331250000000000266e-01
7.318750000000000533e-01 5.643749999999999600e-01 5.593749999999999556e-01
4.643749999999999822e-01 3.443749999999999867e-01 3.856249999999999956e-01
1.968749999999999944e-01 1.243749999999999994e-01 2.118750000000000078e-01
9.306250000000000355e-01 9.056250000000000133e-01 3.812499999999999917e-02
6.631249999999999645e-01 6.856250000000000400e-01 8.656249999999999778e-01
3.956250000000000044e-01 4.656250000000000111e-01 6.918750000000000178e-01
1.281249999999999889e-01 2.456250000000000100e-01 5.181249999999999467e-01
8.618749999999999467e-01 2.562499999999999847e-02 3.443749999999999867e-01
5.943749999999999867e-01 8.068750000000000089e-01 1.706249999999999989e-01
3.268750000000000266e-01 5.868750000000000355e-01 9.981250000000000400e-01
5.937499999999999722e-02 3.668750000000000067e-01 8.243749999999999689e-01
7.931249999999999689e-01 1.468750000000000056e-01 6.506250000000000089e-01
5.256250000000000089e-01 9.281249999999999778e-01 4.768749999999999933e-01
2.581249999999999933e-01 7.081250000000000044e-01 3.031249999999999778e-01
9.918749999999999512e-01 4.881249999999999756e-01 1.293749999999999900e-01
7.243749999999999911e-01 2.681250000000000022e-01 9.568750000000000311e-01
4.568749999999999756e-01 4.812500000000000111e-02 7.831249999999999600e-01
1.893749999999999878e-01 8.293749999999999734e-01 6.093750000000000000e-01
9.231249999999999734e-01 6.093750000000000000e-01 4.356249999999999845e-01
6.556250000000000133e-01 3.893750000000000266e-01 2.618750000000000244e-01
3.881249999999999978e-01 1.693749999999999978e-01 8.812499999999999500e-02
1.206249999999999961e-01 9.506250000000000533e-01 9.156250000000000222e-01
8.543749999999999956e-01 7.306249999999999689e-01 7.418749999999999512e-01
5.868750000000000355e-01 5.106249999999999956e-01 5.681249999999999911e-01
3.193750000000000200e-01 2.906250000000000222e-01 3.943749999999999756e-01
5.187499999999999750e-02 7.062499999999999334e-02 2.206249999999999878e-01
7.856250000000000178e-01 8.518750000000000488e-01 4.687500000000000000e-02
5.181249999999999467e-01 6.318749999999999645e-01 8.743750000000000133e-01
2.506249999999999867e-01 4.118749999999999911e-01 7.006250000000000533e-01
9.843750000000000000e-01 1.918749999999999900e-01 5.268749999999999822e-01
7.168750000000000400e-01 9.731250000000000178e-01 3.531250000000000222e-01
4.493750000000000244e-01 7.531250000000000444e-01 1.793750000000000067e-01
1.818750000000000089e-01 5.331249999999999600e-01 5.624999999999999792e-03
9.156250000000000222e-01 3.131249999999999867e-01 8.331250000000000044e-01
6.481249999999999512e-01 9.312499999999999944e-02 6.593750000000000444e-01
3.806249999999999911e-01 8.743750000000000133e-01 4.856249999999999734e-01
1.131250000000000033e-01 6.543750000000000400e-01 3.118750000000000133e-01
8.468750000000000444e-01 4.343750000000000111e-01 1.381249999999999978e-01
5.793749999999999734e-01 2.143750000000000100e-01 9.656249999999999556e-01
3.118750000000000133e-01 9.956249999999999822e-01 7.918749999999999956e-01
4.437499999999999778e-02 7.756250000000000089e-01 6.181250000000000355e-01
7.781249999999999556e-01 5.556250000000000355e-01 4.443750000000000200e-01
5.106249999999999956e-01 3.356250000000000067e-01 2.706250000000000044e-01
2.431250000000000078e-01 1.156250000000000056e-01 9.687500000000000278e-02
9.768750000000000488e-01 8.968749999999999778e-01 9.243749999999999467e-01
7.093749999999999778e-01 6.768750000000000044e-01 7.506249999999999867e-01
4.418750000000000178e-01 4.568749999999999756e-01 5.768750000000000266e-01
1.743750000000000022e-01 2.368750000000000022e-01 4.031250000000000111e-01
9.081249999999999600e-01 1.687500000000000111e-02 2.293749999999999956e-01
6.406250000000000000e-01 7.981249999999999734e-01 5.562500000000000083e-02
3.731249999999999845e-01 5.781250000000000000e-01 8.831250000000000488e-01
1.056249999999999967e-01 3.581250000000000266e-01 7.093749999999999778e-01
8.393749999999999822e-01 1.381249999999999978e-01 5.356250000000000178e-01
5.718750000000000222e-01 9.193750000000000533e-01 3.618750000000000022e-01
3.043750000000000067e-01 6.993749999999999689e-01 1.881249999999999867e-01
3.687499999999999806e-02 4.793749999999999956e-01 1.437500000000000062e-02
7.706250000000000044e-01 2.593750000000000222e-01 8.418750000000000400e-01
5.031250000000000444e-01 3.937500000000000028e-02 6.681249999999999689e-01
2.356250000000000011e-01 8.206250000000000488e-01 4.943750000000000089e-01
9.693749999999999867e-01 6.006249999999999645e-01 3.206249999999999933e-01
7.018750000000000266e-01 3.806249999999999911e-01 1.468750000000000056e-01
4.343750000000000111e-01 1.606249999999999900e-01 9.743749999999999911e-01
1.668749999999999956e-01 9.418750000000000178e-01 8.006250000000000311e-01
9.006250000000000089e-01 7.218750000000000444e-01 6.268749999999999600e-01
6.331250000000000488e-01 5.018749999999999600e-01 4.531250000000000000e-01
3.656249999999999778e-01 2.818749999999999867e-01 2.793749999999999845e-01
9.812500000000000389e-02 6.187499999999999944e-02 1.056249999999999967e-01
8.318750000000000311e-01 8.431250000000000133e-01 9.331249999999999822e-01
5.643749999999999600e-01 6.231250000000000400e-01 7.593750000000000222e-01
2.968750000000000000e-01 4.031250000000000111e-01 5.856249999999999512e-01
2.937499999999999833e-02 1.831250000000000100e-01 4.118749999999999911e-01
7.631250000000000533e-01 9.643749999999999822e-01 2.381250000000000033e-01
4.956249999999999822e-01 7.443750000000000089e-01 6.437500000000000167e-02
2.281249999999999944e-01 5.243750000000000355e-01 8.918749999999999734e-01
9.618750000000000355e-01 3.043750000000000067e-01 7.181250000000000133e-01
6.943749999999999645e-01 8.437500000000000555e-02 5.443750000000000533e-01
4.268750000000000044e-01 8.656249999999999778e-01 3.706249999999999822e-01
1.593749999999999889e-01 6.456250000000000044e-01 1.968749999999999944e-01
8.931249999999999467e-01 4.256249999999999756e-01 2.312499999999999972e-02
6.256249999999999867e-01 2.056250000000000022e-01 8.506249999999999645e-01
3.581250000000000266e-01 9.868749999999999467e-01 6.768750000000000044e-01
9.062499999999999722e-02 7.668749999999999734e-01 5.031250000000000444e-01
8.243749999999999689e-01 5.468750000000000000e-01 3.293749999999999734e-01
5.568750000000000089e-01 3.268750000000000266e-01 1.556250000000000133e-01
2.893749999999999933e-01 1.068749999999999978e-01 9.831250000000000266e-01
2.187499999999999861e-02 8.881250000000000533e-01 8.093749999999999556e-01
7.556249999999999911e-01 6.681249999999999689e-01 6.356249999999999956e-01
4.881249999999999756e-01 4.481249999999999956e-01 4.618749999999999800e-01
2.206249999999999878e-01 2.281249999999999944e-01 2.881250000000000200e-01
9.543749999999999734e-01 8.125000000000000278e-03 1.143750000000000044e-01
6.868750000000000133e-01 7.893750000000000488e-01 9.418750000000000178e-01
4.193749999999999978e-01 5.693749999999999645e-01 7.681249999999999467e-01
1.518750000000000100e-01 3.493749999999999911e-01 5.943749999999999867e-01
8.856249999999999956e-01 1.293749999999999900e-01 4.206250000000000266e-01
6.181250000000000355e-01 9.106250000000000178e-01 2.468750000000000111e-01
3.506250000000000200e-01 6.906250000000000444e-01 7.312499999999999556e-02
8.312500000000000444e-02 4.706250000000000155e-01 9.006250000000000089e-01
8.168750000000000178e-01 2.506249999999999867e-01 7.268750000000000488e-01
5.493749999999999467e-01 3.062499999999999944e-02 5.531249999999999778e-01
2.818749999999999867e-01 8.118750000000000133e-01 3.793750000000000178e-01
1.437500000000000062e-02 5.918750000000000400e-01 2.056250000000000022e-01
7.481250000000000400e-01 3.718750000000000111e-01 3.187500000000000056e-02
4.806250000000000244e-01 1.518750000000000100e-01 8.593750000000000000e-01
2.131250000000000089e-01 9.331249999999999822e-01 6.856250000000000400e-01
9.468750000000000222e-01 7.131250000000000089e-01 5.118749999999999689e-01
6.793749999999999512e-01 4.931249999999999800e-01 3.381250000000000089e-01
4.118749999999999911e-01 2.731250000000000067e-01 1.643749999999999933e-01
1.443750000000000033e-01 5.312499999999999861e-02 9.918749999999999512e-01
8.781250000000000444e-01 8.343749999999999778e-01 8.181249999999999911e-01
6.106249999999999734e-01 6.143750000000000044e-01 6.443750000000000311e-01
3.431250000000000133e-01 3.943749999999999756e-01 4.706250000000000155e-01
7.562499999999999778e-02 1.743750000000000022e-01 2.968750000000000000e-01
8.093749999999999556e-01 9.556249999999999467e-01 1.231249999999999983e-01
5.418749999999999956e-01 7.356249999999999734e-01 9.506250000000000533e-01
2.743749999999999800e-01 5.156250000000000000e-01 7.768749999999999822e-01
6.875000000000000035e-03 2.956250000000000266e-01 6.031250000000000222e-01
7.406249999999999778e-01 7.562499999999999778e-02 4.293750000000000067e-01
4.731250000000000178e-01 8.568750000000000533e-01 2.556249999999999911e-01
2.056250000000000022e-01 6.368749999999999689e-01 8.187500000000000333e-02
9.393749999999999600e-01 4.168749999999999956e-01 9.093750000000000444e-01
6.718750000000000000e-01 1.968749999999999944e-01 7.356249999999999734e-01
4.043749999999999845e-01 9.781250000000000222e-01 5.618750000000000133e-01
1.368749999999999967e-01 7.581250000000000488e-01 3.881249999999999978e-01
8.706249999999999822e-01 5.381249999999999645e-01 2.143750000000000100e-01
6.031250000000000222e-01 3.181249999999999911e-01 4.062500000000000139e-02
3.356250000000000067e-01 9.812500000000000389e-02 8.681250000000000355e-01
6.812500000000000500e-02 8.793750000000000178e-01 6.943749999999999645e-01
8.018750000000000044e-01 6.593750000000000444e-01 5.206250000000000044e-01
5.343750000000000444e-01 4.393750000000000155e-01 3.468749999999999889e-01
2.668749999999999734e-01 2.193749999999999867e-01 1.731250000000000011e-01
